stop_name,Population_2021,Population_2023,Population_Change_2021_2023,Total_Homes_2021,Total_Homes_2023,New_Homes_2021-2023,station_buffer,station_location
8TH & CORINTH STATION,1400,1064,-336,451,464,13,"POLYGON ((-96.78989556906471 32.747969895880495, -96.78995061319073 32.747259280654035, -96.79008781234765 32.7465566465527, -96.7903058433577 32.745868760059686, -96.79060260474837 32.745202245482076, -96.7909752370566 32.744563521171166, -96.79142015042414 32.743958737731255, -96.79193305921619 32.7433937188112, -96.79250902332802 32.74287390504838, -96.79314249578056 32.742404301703225, -96.79382737614583 32.741989430487585, -96.79455706928742 32.74163328605007, -96.79532454885093 32.74133929753549, -96.79612242489341 32.7411102955882, -96.7969430150026 32.74094848511538, -96.79777841822226 32.74085542407208, -96.79862059107465 32.74083200847139, -96.79946142495001 32.74087846376367, -96.80029282412116 32.74099434266739, -96.80110678363427 32.74117852947261, -96.80189546632897 32.74142925077548, -96.80265127824859 32.7417440925413, -96.80336694171694 32.74212002333169, -96.80403556537992 32.74255342347382, -96.80465071053939 32.74304011989113, -96.8052064531416 32.743575426261344, -96.80569744082408 32.74415418811651, -96.80611894447166 32.74477083245164, -96.8064669037848 32.745419421365504, -96.80673796642057 32.746093709218115, -96.80692952032756 32.74678720275561, -96.80703971896172 32.74749322362442, -96.80706749913789 32.74820497267332, -96.80701259134214 32.748915595424606, -96.8068755224034 32.74961824808433, -96.80665760978417 32.75030616355566, -96.8063609502586 32.75097271643677, -96.80598840020382 32.75161148678692, -96.80554354627247 32.75221632223793, -96.80503067177308 32.752781397147295, -96.80445471545316 32.7533012687308, -96.80382122395628 32.75377092951048, -96.80313629840977 32.75418585557136, -96.80240653565771 32.75454205016074, -96.80163896470522 32.75483608220965, -96.80084097898721 32.75506511940332, -96.80002026511539 32.75522695548221, -96.79918472879145 32.75532003150874, -96.79834241860247 32.75534345089502, -96.79750144843514 32.75529698804559, -96.79666991925829 32.75518109053225, -96.79585584103077 32.754996874779245, -96.7950670554888 32.754746115301565, -96.7943111605598 32.7544312275991, -96.79359543713288 32.754055244873065, -96.79292677889346 32.75362178878919, -96.7923116258996 32.75313503457042, -96.79175590254097 32.75259967075642, -96.79126496047878 32.752020854018305, -96.79084352711631 32.751404159465515, -96.79049566009586 32.750755526924145, -96.79022470825966 32.750081203705406, -96.79003327786808 32.749387684570856, -96.78992321203756 32.74868164872733, -96.78989556906471 32.747969895880495))",POINT (-96.7984815227426 32.74808773077971)
AKARD STATION,1283,1723,440,1065,1096,31,"POLYGON ((-96.7920512960108 32.78178105069934, -96.79210634568803 32.7810704360925, -96.79224358188858 32.78036780117375, -96.79246168107368 32.779679912433686, -96.7927585411103 32.779013394200625, -96.79313130158195 32.77837466486085, -96.79357637139331 32.77776987506687, -96.79408946340085 32.77720484852899, -96.79466563573419 32.77668502595814, -96.79529933940856 32.77621541269995, -96.79598447176969 32.7758005305623, -96.79671443525571 32.775444374299624, -96.79748220091078 32.7751503731714, -96.7982803760397 32.77492135794424, -96.79910127535331 32.77475953365405, -96.79993699492157 32.77466645838978, -96.80077948822442 32.7746430283023, -96.8016206435705 32.774689468982245, -96.80245236214111 32.77480533328946, -96.80326663591073 32.774989505655014, -96.80405562469647 32.77524021281465, -96.80481173159725 32.77555504087003, -96.80552767609885 32.77593095851494, -96.80619656414271 32.776364346203046, -96.80681195448581 32.77685103097743, -96.80736792071353 32.77738632662761, -96.80785910830926 32.77796507878832, -96.80828078623117 32.77858171454729, -96.8086288924992 32.77923029608507, -96.80890007335228 32.77990457783198, -96.80909171559698 32.780598066592084, -96.80920197183453 32.78130408405701, -96.80922977832067 32.782015831107465, -96.80917486528364 32.78272645328428, -96.8090377595984 32.78342910679837, -96.80881977978804 32.784117024444605, -96.80852302339811 32.784783580783774, -96.80815034686202 32.78542235596529, -96.8077053380495 32.78602719757478, -96.8071922817599 32.78659227991087, -96.80661611849102 32.78711216011826, -96.80598239687927 32.787581830636405, -96.80529722026822 32.787996767456946, -96.80456718792027 32.788352973724045, -96.80379933143757 32.788647018256505, -96.8030010470058 32.78887606861981, -96.80218002411453 32.78903791842771, -96.80134417144284 32.7891310086107, -96.80050154062587 32.78915444244452, -96.7996602486396 32.78910799419463, -96.79882839955368 32.78899211129205, -96.79801400640932 32.78880791002032, -96.79722491397689 32.78855716475456, -96.79646872314055 32.78824229085752, -96.79575271764011 32.78786632139705, -96.7950837938783 32.787432877910746, -96.79446839447074 32.786946135499804, -96.7939124461804 32.78641078258969, -96.79342130283459 32.78583197574607, -96.79299969377462 32.78521528998273, -96.7926516783342 32.78456666504066, -96.79238060678401 32.78389234815762, -96.79218908811697 32.78319883387979, -96.79207896498284 32.78249280149615, -96.7920512960108 32.78178105069934))",POINT (-96.800640525795 32.781898737514496)
ARAPAHO CENTER STATION,366,699,333,374,374,0,"POLYGON ((-96.7143817762568 32.963329737829156, -96.71443756218738 32.96261917149954, -96.71457569616643 32.96191663590011, -96.71479484600452 32.96122889656525, -96.71509289944665 32.96056257638531, -96.71546698458071 32.959924091840364, -96.71591349755295 32.95931959122719, -96.71642813732147 32.95875489547298, -96.71700594711137 32.95823544210526, -96.7176413621709 32.95776623291646, -96.71832826336787 32.9573517858255, -96.71906003611019 32.95699609139948, -96.71982963402344 32.95670257445248, -96.72062964677276 32.95647406109028, -96.72145237137818 32.95631275151743, -96.72228988633762 32.95622019886731, -96.72313412784686 32.956197294258835, -96.72397696738437 32.95624425822252, -96.72481028991722 32.956360638578914, -96.7256260719774 32.95654531478896, -96.72641645885997 32.956796508735174, -96.72717384020191 32.95711180183001, -96.72789092321662 32.95748815828699, -96.728560802881 32.95792195433188, -96.72917702840091 32.95840901307282, -96.7297336653159 32.958944644695435, -96.73022535264663 32.95952369159638, -96.73064735453387 32.96014057802251, -96.73099560587218 32.96078936373796, -96.73126675149724 32.961463801204545, -96.73145817854848 32.962157395724866, -96.73156804169304 32.96286346797054, -96.7315952809659 32.96357521829367, -96.7315396320519 32.964285792202865, -96.7314016289074 32.96498834637383, -96.73118259869398 32.9656761145585, -96.73088464906954 32.96634247275781, -96.73051064795648 32.96698100303064, -96.73006419597972 32.96758555532293, -96.72954959183711 32.968150306721476, -96.72897179093448 32.96866981756032, -96.72833635768207 32.96913908383854, -96.72764941191116 32.96955358544326, -96.72691756992681 32.96990932971243, -96.72614788076443 32.970202889916564, -96.72534775826543 32.97043143828748, -96.72452490962749 32.970592773275335, -96.72368726111912 32.97068534077, -96.72284288167678 32.97070824908214, -96.72199990512273 32.97066127753885, -96.72116645175532 32.97054487861092, -96.72035055007046 32.970360173551086, -96.71956005937022 32.97010894158548, -96.71880259400727 32.969793602762785, -96.71808544999709 32.96941719462668, -96.71741553470677 32.96898334293746, -96.71679930029961 32.968496226725364, -96.71624268157751 32.967960538013344, -96.71575103882073 32.96738143659863, -96.71532910617549 32.96676450032938, -96.71498094608636 32.96611567135679, -96.71470991021096 32.965441198881464, -96.71451860719225 32.96474757894614, -96.71440887759658 32.96404149185593, -96.7143817762568 32.963329737829156))",POINT (-96.7229885166861 32.9634527752724)
BACHMAN STATION,1102,701,-401,282,282,0,"POLYGON ((-96.86875525114094 32.85367135724187, -96.86880973027841 32.85296071320235, -96.86894646951883 32.85225799812397, -96.86916415010542 32.85156997927068, -96.86946067393228 32.85090328222543, -96.86983318381645 32.85026432709812, -96.87027809107164 32.84965926671722, -96.87079111011583 32.84909392740028, -96.87136729977763 32.84857375287176, -96.8720011109023 32.84810375186779, -96.87268643979834 32.84768844993132, -96.87341668700937 32.847331845860175, -96.87418482084627 32.84703737322663, -96.87498344506794 32.84680786733816, -96.875804870061 32.84664553795558, -96.87664118683448 32.846551948031504, -96.87748434311919 32.84652799867233, -96.87832622084196 32.84657392046836, -96.87915871423075 32.846689271275345, -96.87997380780212 32.84687294046818, -96.88076365348223 32.84712315962684, -96.88152064612201 32.847437519551214, -96.88223749668134 32.84781299344191, -96.88290730237985 32.84824596602485, -96.88352361314064 32.84873226833953, -96.88408049368809 32.84926721785774, -96.88457258070265 32.849845663546866, -96.88499513448227 32.85046203544563, -96.88534408461287 32.85111039827546, -96.88561606920653 32.851784508573026, -96.88580846732863 32.852477874793934, -96.88591942429926 32.85318381981059, -96.88594786962338 32.85389554520237, -96.88589352737382 32.854606196719764, -96.88575691892501 32.85530893029254, -96.8855393580074 32.855996977945935, -96.88524293812814 32.856663712990276, -96.88487051247552 32.85730271385544, -96.88442566649884 32.85790782595516, -96.88391268342524 32.85847322098442, -96.88333650304378 32.85899345307782, -96.88270267415254 32.859463511286904, -96.88201730112584 32.85987886787051, -96.8812869851159 32.86023552193069, -96.8805187604558 32.860530037974065, -96.8797200268769 32.86075957902505, -96.8788984781951 32.86092193397148, -96.8780620281547 32.86101553887838, -96.87721873414624 32.86103949206354, -96.87637671953554 32.86099356278959, -96.87554409535515 32.86087819348826, -96.87472888211478 32.8606944954953, -96.87393893248708 32.86044423833751, -96.87318185561574 32.86012983267534, -96.87246494377791 32.85975430706582, -96.8717951021088 32.85932127877054, -96.87117878206767 32.858834918891034, -96.87062191928676 32.85829991216766, -96.87012987640291 32.85772141183139, -96.86970739142218 32.85710498994363, -96.86935853211479 32.85645658370393, -96.86908665687837 32.855782438243885, -96.868894382445 32.85508904645913, -96.86878355874128 32.85438308645964, -96.86875525114094 32.85367135724187))",POINT (-96.87735154950711 32.85378374807901)
BAYLOR STATION,852,1054,202,569,569,0,"POLYGON ((-96.77354986986586 32.78638177459364, -96.77360507067279 32.78567116850278, -96.7737424605987 32.78496855432429, -96.77396071462441 32.784280698348724, -96.77425772912589 32.78361422458868, -96.77463064219934 32.782975551001904, -96.77507586128023 32.78237082770393, -96.77558909778804 32.78180587776452, -96.77616540846138 32.781286141156926, -96.77679924298388 32.78081662239897, -96.77748449744185 32.78040184238854, -96.77821457309828 32.78004579489664, -96.7789824399178 32.77975190813546, -96.77978070423157 32.77952301177042, -96.78060167989211 32.77936130969301, -96.78143746223469 32.77926835881548, -96.78228000413499 32.779245054091106, -96.78312119343391 32.779291619903404, -96.78395293098592 32.77940760790753, -96.78476720858261 32.77959190134353, -96.78555618600409 32.77984272578134, -96.78631226645842 32.78015766619339, -96.78702816968563 32.780533690191476, -96.78769700202413 32.78096717720518, -96.78831232276674 32.78145395332102, -96.78886820616849 32.78198933144876, -96.78935929850964 32.782568156428795, -96.78978086966505 32.78318485464736, -96.79012885868214 32.783833487683324, -96.79039991292835 32.78450780947075, -96.79059142042897 32.785201326427895, -96.79070153508243 32.785907359974516, -96.79072919450758 32.78661911083615, -96.7906741303487 32.78732972451658, -96.79053687093601 32.78803235730834, -96.79031873627315 32.788720242205564, -96.79002182539712 32.789386754084234, -96.78964899622943 32.790025473521695, -96.78920383811015 32.79063024864039, -96.78869063727709 32.79119525437913, -96.78811433562072 32.791715048620354, -96.78748048311081 32.79218462463137, -96.78679518435237 32.79259945931412, -96.78606503978482 32.79295555679655, -96.78529708209173 32.7932494869454, -96.7844987084342 32.7934784184278, -96.78367760916167 32.793640146002794, -96.78284169368932 32.79373311177827, -96.78199901425744 32.793756420228455, -96.78115768831046 32.79370984682653, -96.78032582024522 32.793593840209155, -96.77951142328568 32.793409517851494, -96.77872234223877 32.7931586552951, -96.77796617787867 32.792843669032386, -96.77725021368985 32.79246759321354, -96.7765813456766 32.792034050400495, -96.77596601591704 32.79154721665105, -96.7754101505027 32.79101178127021, -96.774919102462 32.7904329016179, -96.77449760021773 32.78981615340879, -96.77414970207421 32.789167476985156, -96.77387875717177 32.78849312008033, -96.7736873732831 32.78779957762559, -96.77357739175945 32.787093529181035, -96.77354986986586 32.78638177459364))",POINT (-96.782139520691 32.78650073933951)
BELT LINE STATION,0,0,0,0,0,0,"POLYGON ((-96.9779128225363 32.88792389712447, -96.97796644685704 32.88721320792433, -96.97810237283485 32.88651037551902, -96.97831928954234 32.88582216830431, -96.97861510622683 32.88515521367882, -96.9789869725116 32.884515934234635, -96.97943130590441 32.88391048592509, -96.97994382634546 32.88334469880483, -96.98051959746076 32.88282402091178, -96.98115307412219 32.88235346583035, -96.9818381558554 32.88193756443976, -96.98256824558094 32.881580321310764, -96.98333631312349 32.881285176169726, -96.98413496287833 32.881054970799845, -96.98495650498488 32.880891921697305, -96.98579302932377 32.88079759874466, -96.98663648162734 32.88077291010623, -96.98747874097276 32.88081809349029, -96.9883116979149 32.88093271386211, -96.98912733250873 32.88111566762932, -96.98991779147352 32.88136519326008, -96.99067546375777 32.88167888823176, -96.99139305378021 32.88205373214743, -96.99206365164345 32.88248611579879, -96.992680799646 32.882971875896246, -96.99323855445337 32.883506335132815, -96.99373154433026 32.884084347197366, -96.99415502088308 32.88470034630472, -96.99450490481371 32.88534840076705, -96.99477782524333 32.88602227009149, -96.994971152226 32.88671546505549, -96.9950830221369 32.88742131018204, -96.99511235568842 32.88813300801408, -96.99505886839808 32.88884370456925, -96.99492307340445 32.889546555345284, -96.99470627660129 32.89023479124054, -96.99441056413343 32.890901783754124, -96.9940387823726 32.891541108837956, -96.99359451056284 32.89214660878482, -96.99308202639735 32.89271245155567, -96.99250626485602 32.89323318697396, -96.99187277069909 32.89370379924457, -96.99118764507325 32.89411975529064, -96.99045748674475 32.89447704844092, -96.9896893285252 32.89477223704682, -96.98889056950408 32.895002477654785, -96.98806890374097 32.89516555241449, -96.98723224610724 32.89525989045734, -96.98638865599308 32.895284583039164, -96.98554625961727 32.895239392300056, -96.98471317169094 32.89512475355752, -96.98389741719278 32.89494177110981, -96.98310685401135 32.89469220759092, -96.98234909720317 32.894378466979575, -96.9816314455977 32.89400357142661, -96.9809608114589 32.89357113212464, -96.98034365388237 32.89308531450197, -96.9797859165705 32.892550798076215, -96.97929297058622 32.89197273135621, -96.97886956263639 32.89135668222755, -96.97851976938274 32.890708584300356, -96.97824695821942 32.89003467973782, -96.97805375489331 32.88934145911669, -96.97794201827723 32.888635598899896, -96.9779128225363 32.88792389712447))",POINT (-96.9865125789611 32.88802874954939)
BUCKNER STATION,1444,1584,140,447,447,0,"POLYGON ((-96.67653253821312 32.7183580751025, -96.676588470943 32.71764750909728, -96.67672652123305 32.716944999059976, -96.67694535770991 32.71625731027711, -96.67724287114603 32.715591065150015, -96.67761619483849 32.71495267943342, -96.678061732274 32.71434830046929, -96.6785751918114 32.71378374801013, -96.6791516280461 32.71326445820015, -96.67978548945646 32.71279543125328, -96.6804706718729 32.712381183330265, -96.68120057725415 32.712025703077195, -96.68196817720559 32.71173241324304, -96.68276608062813 32.71150413774436, -96.68358660484849 32.71134307449339, -96.68442184954698 32.71125077425049, -96.68526377277365 32.71122812570343, -96.68610426832322 32.711275346917205, -96.68693524372623 32.71139198323589, -96.68774869810873 32.711576911657005, -96.688536799173 32.71182835163635, -96.68929195856097 32.71214388221951, -96.69000690487744 32.71252046533585, -96.69067475367103 32.71295447503145, -96.69128907370194 32.71344173236022, -96.69184394885859 32.71397754559853, -96.69233403512824 32.714556755397176, -96.69275461207273 32.71517378443703, -96.69310162831346 32.715822691111335, -96.6933717405865 32.716497226719035, -96.69356234599027 32.71719089561909, -96.6936716071134 32.717897017767655, -96.69369846979822 32.71860879303648, -96.69364267336638 32.71931936669354, -96.69350475320533 32.72002189541594, -96.69328603568765 32.72070961319901, -96.69298862546931 32.721375896527015, -96.69261538528666 32.722014328177195, -96.69216990844376 32.72261875904231, -96.69165648425323 32.72318336737543, -96.6910800567613 32.723702714885036, -96.69044617715359 32.72417179913986, -96.68976095029905 32.724586101776936, -96.68903097594664 32.72494163204744, -96.68826328514155 32.72523496528029, -96.68746527247427 32.72546327589116, -96.68664462481632 32.725624364618454, -96.68580924723102 32.72571667972277, -96.6849671867751 32.72573933194522, -96.6841265549275 32.725692103079574, -96.68329544939547 32.72557544807581, -96.6824818760538 32.72539049065447, -96.68169367177177 32.72513901247423, -96.68093842887396 32.724823435957504, -96.68022342196488 32.72444680094016, -96.67955553782443 32.72401273537063, -96.67894120905079 32.72352542034221, -96.67838635209145 32.72298954979592, -96.67789631025991 32.72241028528323, -96.67747580228657 32.721793206225954, -96.67712887689952 32.72114425615294, -96.67685887387123 32.720469685433066, -96.67666839190503 32.719775991056686, -96.6765592636687 32.719069854046694, -96.67653253821312 32.7183580751025))",POINT (-96.68511549189 32.718483730463305)
BURBANK STATION,1504,1537,33,517,517,0,"POLYGON ((-96.85358831405318 32.84286330824957, -96.85364290817994 32.84215267014465, -96.85377975101667 32.84144997103066, -96.8539975228096 32.840761978017525, -96.85429412457512 32.840095316439076, -96.85466669838044 32.83945640606331, -96.85511165492444 32.838851399287535, -96.85562470815114 32.838286121912766, -96.85620091656062 32.837766017066706, -96.85683473081824 32.837296092814334, -96.85752004720275 32.83688087395926, -96.85825026637873 32.83652435849912, -96.8590183569273 32.83622997915286, -96.85981692302431 32.83600057032955, -96.8606382756162 32.83583834085537, -96.86147450640898 32.83574485272085, -96.8623175639613 32.83572100605235, -96.86315933115029 32.83576703045142, -96.86399170326791 32.83588248278591, -96.86480666599797 32.83606625145326, -96.86559637252601 32.83631656707573, -96.86635321904234 32.83663101952444, -96.86706991791328 32.83700658110923, -96.86773956781863 32.83743963571173, -96.86835572018119 32.83792601358173, -96.86891244125016 32.83846103146354, -96.86940436924134 32.83903953766631, -96.8698267659838 32.839655961645946, -96.87017556257555 32.84030436762241, -96.87044739860723 32.840978511716735, -96.87063965457496 32.84167190205899, -96.87075047716806 32.84237786128913, -96.87077879718592 32.84308959084941, -96.87072433990859 32.84380023644997, -96.87058762781882 32.84450295407731, -96.87036997564587 32.84519097590995, -96.87007347777637 32.84585767550658, -96.86970098815048 32.84649663163823, -96.86925609283433 32.84710169014917, -96.86874307553099 32.84766702325022, -96.86816687635982 32.84818718567216, -96.86753304430047 32.84865716713742, -96.86684768375827 32.849072440643724, -96.86611739576557 32.84942900609323, -96.86534921438594 32.84972342884588, -96.86455053893401 32.84995287282457, -96.86372906266587 32.85011512785212, -96.86289269862824 32.85020863095597, -96.86204950338308 32.85023248143452, -96.86120759934464 32.85018644953977, -96.86037509648003 32.85007097869195, -96.85956001413001 32.84988718120506, -96.85877020370593 32.849636827564424, -96.85801327301019 32.84932232935985, -96.85729651291138 32.84894671603988, -96.85662682708268 32.84851360571109, -96.85601066548182 32.8480271702652, -96.85545396221461 32.8474920951705, -96.85496207838112 32.84691353431654, -96.85453975045536 32.846297060347545, -96.85419104469469 32.84564861096466, -96.8539193180179 32.84497443171494, -96.85372718572646 32.844281015819334, -96.85361649637817 32.843575041619864, -96.85358831405318 32.84286330824957))",POINT (-96.8621835446455 32.84297674636909)
CAMP WISDOM STATION,2923,2240,-683,988,988,0,"POLYGON ((-96.77952943966307 32.66652516407733, -96.77958451621392 32.66581455023969, -96.77972167161903 32.66511192442584, -96.7799395831256 32.66442405303855, -96.78023615041528 32.663757560238885, -96.78060851589733 32.66311886416751, -96.78105309228572 32.66251411515576, -96.78156559719284 32.66194913651997, -96.78214109440496 32.66142936850841, -96.7827740414401 32.66095981593984, -96.78345834293026 32.660545000036066, -96.78418740931315 32.660188914912, -96.78495422026887 32.65989498914044, -96.7857513922915 32.659666052760734, -96.78657124974615 32.65950431004812, -96.78740589872945 32.65941131830471, -96.7882473030239 32.65938797287613, -96.78908736141781 32.659434498536996, -96.78991798564867 32.659550447328414, -96.79073117822216 32.65973470286785, -96.79151910936066 32.65998549109027, -96.7922741923424 32.66030039731725, -96.79298915650872 32.660676389490625, -96.79365711723825 32.66110984734745, -96.79427164221593 32.66159659725638, -96.79482681336007 32.66213195238113, -96.79531728381177 32.662710757785256, -96.79573832943781 32.66332744004531, -96.79608589435117 32.6639760608957, -96.79635663000926 32.66465037438955, -96.79654792751234 32.665343887026616, -96.79665794278873 32.666049920269714, -96.79668561442246 32.6667616748486, -96.79663067394856 32.66747229623212, -96.79649364851431 32.66817494063929, -96.79627585587787 32.66886284095268, -96.79597939178934 32.6695293718997, -96.79560710987361 32.670168113873686, -96.7951625942053 32.67077291477929, -96.7946501248385 32.67133794930595, -96.79407463662122 32.67185777505741, -96.79344167168976 32.67232738499615, -96.79275732609982 32.67274225569564, -96.79202819110849 32.67309839093513, -96.79126128967219 32.67339236021597, -96.79046400877402 32.673621331826745, -96.78964402823281 32.67378310013832, -96.78880924668218 32.67387610686484, -96.78796770543406 32.67389945608487, -96.78712751096317 32.673852922878105, -96.78629675676143 32.673736955493396, -96.78548344531784 32.67355267102781, -96.78469541097816 32.67330184465804, -96.78394024443008 32.67298689252845, -96.78322521954372 32.67261084846124, -96.78255722327387 32.672177334713574, -96.78194268930135 32.67169052706468, -96.78138753605353 32.671155114569785, -96.78089710970161 32.67057625436997, -96.78047613268403 32.66995952199446, -96.78012865825124 32.66931085763478, -96.77985803146869 32.668636508909884, -96.77966685705216 32.66794297067385, -96.77955697434312 32.66723692244763, -96.77952943966307 32.66652516407733))",POINT (-96.7881075156358 32.666643715694214)
CEDARS STATION,2055,2067,12,1075,1075,0,"POLYGON ((-96.78467259316727 32.76846153943699, -96.78472769369995 32.767750927397714, -96.78486496774794 32.76704829992802, -96.78508309140861 32.76636042344658, -96.7853799623139 32.76569392216349, -96.78575271994326 32.765055214301576, -96.78619777322936 32.76445045030633, -96.78671083518832 32.76388545363935, -96.78728696423953 32.763365664723686, -96.7879206118154 32.762896088580696, -96.78860567580212 32.76248124666068, -96.78933555929636 32.762125133330564, -96.79010323411259 32.76183117743629, -96.79090130843029 32.76160220930881, -96.7917220979308 32.7614404335304, -96.79255769974128 32.76134740772285, -96.79340006847522 32.761324027560796, -96.79424109364035 32.76137051815415, -96.79507267767109 32.761486431882226, -96.79588681383692 32.761670652700346, -96.79667566327949 32.76192140687774, -96.79743163043906 32.76223628006351, -96.7981474361466 32.762612240516994, -96.79881618767973 32.763045668279844, -96.79943144510965 32.763532390009395, -96.79998728330145 32.764067719139405, -96.80047834897137 32.76464650098238, -96.80089991225174 32.7652631623403, -96.8012479122666 32.76591176514731, -96.80151899627836 32.766586063628914, -96.80171055202649 32.76727956442805, -96.80182073294567 32.76798558912036, -96.8018484760175 32.768697338516915, -96.80179351208149 32.76940795813579, -96.80165636850342 32.77011060421247, -96.80143836417199 32.77079850961321, -96.80114159686953 32.771465049016605, -96.80076892313518 32.772103802734854, -96.80032393081225 32.772708618560245, -96.79981090454183 32.77327367103939, -96.79923478453304 32.77379351760436, -96.79860111900597 32.77426315101841, -96.79791601076428 32.774678047630374, -96.79718605841201 32.77503421097147, -96.79641829278084 32.77532821027389, -96.7956201091813 32.77555721353854, -96.79479919613165 32.77571901483286, -96.79396346125266 32.77581205555444, -96.7931209550446 32.775835439455584, -96.79227979328279 32.775788941282634, -96.79144807878215 32.77567300894761, -96.79063382328708 32.77548875921017, -96.78984487024167 32.77523796691247, -96.78908881918707 32.77492304787038, -96.78837295251637 32.77454703558673, -96.78770416529473 32.77411355201171, -96.78708889882239 32.77362677263286, -96.78653307858178 32.77309138623179, -96.78604205716684 32.77251254969688, -96.7856205627445 32.77189583832799, -96.78527265354455 32.7712471921128, -96.78500167881467 32.77057285849403, -96.78481024661568 32.769879332179, -96.78470019876498 32.76917329257262, -96.78467259316727 32.76846153943699))",POINT (-96.79326052317572 32.7685797355431)
CITYLINE/BUSH STATION,963,1384,421,655,655,0,"POLYGON ((-96.6945410377171 33.00204737584886, -96.69459700695539 33.0013368218101, -96.6947353584456 33.0006343115674, -96.69495475792152 32.99994661044204, -96.69525309095158 32.999280341304186, -96.69562748267401 32.99864191975063, -96.69607432628193 32.99803749347172, -96.69658931754921 32.99747288267914, -96.69716749631608 32.99695352408258, -96.69780329427796 32.996484418562225, -96.69849058861611 32.9960700830392, -96.69922276095355 32.995714507006745, -96.69999276106898 32.99542111413934, -96.70079317475594 32.99519272934842, -96.70161629517497 32.99503155160084, -96.70245419701405 32.99493913276098, -96.70329881274493 32.99491636265949, -96.70414201024393 32.99496346053193, -96.70497567103233 32.99507997290939, -96.705791768386 32.995264777981525, -96.70658244456466 32.99551609638991, -96.70734008642 32.99583150834818, -96.70805739865703 32.996207976924985, -96.7087274740452 32.99664187726593, -96.70934385990513 32.997129031474344, -96.70990062023164 32.99766474881592, -96.71039239285582 32.9982438708613, -96.71081444109579 32.998860821132986, -96.71116269939814 32.999509658779715, -96.71143381263079 33.000184135886904, -96.71162516842008 33.00087775759153, -96.71173492185231 33.00158384397627, -96.71176201401578 33.002295595256115, -96.71170618200874 33.00300615692954, -96.71156796154781 33.00370868578933, -96.71134868188463 33.00439641583049, -96.711050453077 33.005062723420835, -96.71067614573413 33.00570119110629, -96.71022936342871 33.00630566943546, -96.7097144080391 33.00687033620752, -96.70913623835372 33.007389752571754, -96.70850042233492 33.00785891543758, -96.70781308350146 33.00827330568866, -96.70708084194548 33.00862893173609, -96.70631075055277 33.008922367989804, -96.70551022704116 33.00915078787633, -96.70468698247328 33.00931199108415, -96.7038489469339 33.009404424773294, -96.70300419309011 33.009427198544, -96.70216085837309 33.00938009302, -96.70132706653362 33.009263561963145, -96.70051084933007 33.00907872789933, -96.69972006910554 33.00882737129756, -96.6989623430029 33.008511913407105, -96.69824496955007 33.00813539291851, -96.69757485832451 33.00770143667397, -96.69695846337662 33.00721422471037, -96.6964017210538 33.00667844997238, -96.69590999282552 33.006099273085, -96.6954880136594 33.00548227262254, -96.69513984644574 33.00483339135352, -96.6948688429081 33.0041588789812, -96.69467761137496 33.00346523193157, -96.69456799172107 33.002759130769824, -96.6945410377171 33.00204737584886))",POINT (-96.7031515137888 33.00217178288689)
CITYPLACE/UPTOWN STATION,2187,2680,493,1511,1511,0,"POLYGON ((-96.7845920257715 32.80531153933019, -96.78464714985228 32.80460092942097, -96.78478448159827 32.80389830411851, -96.78500269654954 32.803210429820815, -96.78529969145751 32.80254393071718, -96.78567260460615 32.801905225009676, -96.78611784342934 32.80130046312353, -96.78663111915573 32.80073546850044, -96.78720748814554 32.80021568154426, -96.78784139952035 32.79974610725793, -96.78852674862603 32.79933126707438, -96.78925693581395 32.79897515534425, -96.79002492997468 32.79868120089854, -96.79082333621325 32.79845223405459, -96.79164446701581 32.79829045938261, -96.79248041622405 32.79819743449399, -96.79332313510746 32.798174055054595, -96.79416450980321 32.79822054616745, -96.79499643938121 32.79833646020677, -96.7958109137847 32.79852068112474, -96.79660009089935 32.798771435189444, -96.797356372011 32.79908630805064, -96.79807247492806 32.79946226797048, -96.7987415040666 32.7998956949953, -96.79935701682476 32.800382415789045, -96.79991308560878 32.80091774379403, -96.80040435491395 32.80149652433308, -96.80082609291098 32.80211318422032, -96.80117423704044 32.8027617854036, -96.8014454331757 32.803436082123675, -96.80163706797521 32.80412958104015, -96.80174729411081 32.804835603746625, -96.80177504812706 32.80554735107312, -96.8017200607564 32.806257968557624, -96.80158285958869 32.80696061245624, -96.80136476406568 32.80764851565641, -96.8010678728465 32.80831505285806, -96.80069504366242 32.80895380439499, -96.80024986585286 32.80955861808085, -96.79973662584447 32.81012366848333, -96.79916026590439 32.810643513054906, -96.79852633656327 32.811113144578584, -96.79784094316565 32.81152803942184, -96.79711068706231 32.81188420113342, -96.79634260201107 32.812178198961654, -96.7955440863997 32.812407200921974, -96.79472283194525 32.8125690010947, -96.79388674955788 32.81266204088847, -96.79304389308614 32.81268542406456, -96.79220238168024 32.81263892537643, -96.791370321524 32.81252299274093, -96.7905557276922 32.81233874292049, -96.78976644688878 32.812087950757835, -96.78901008181256 32.81177303206716, -96.78829391788186 32.8113970203476, -96.78762485302535 32.81096353754344, -96.78700933121746 32.81047675913426, -96.78645328039975 32.80994137389195, -96.78596205538649 32.809362538693186, -96.78554038630492 32.80874582882446, -96.785192333066 32.8080971842587, -96.7849212463035 32.80742285242225, -96.78472973515588 32.80672932800502, -96.78461964219937 32.80602329039341, -96.7845920257715 32.80531153933019))",POINT (-96.7931835255226 32.8054297418902)
CONVENTION CENTER STATION,3754,4271,517,2267,2295,28,"POLYGON ((-96.79441120453296 32.772369212167014, -96.79446622945845 32.77165859599367, -96.79460343239768 32.77095595795278, -96.79482149013258 32.770268064564966, -96.79511830092963 32.76960154020336, -96.7954910048468 32.76896280331309, -96.79593601133361 32.768358004619444, -96.79644903385652 32.76779296791823, -96.79702513121427 32.767273134018204, -96.79765875514414 32.76680350837396, -96.79834380375969 32.76638861291254, -96.79907368030533 32.76603244251656, -96.79984135666224 32.765738426581464, -96.80063944099486 32.765509396016384, -96.80146024888803 32.765347556004805, -96.80229587729177 32.765254464787, -96.80313828056352 32.76523101866741, -96.80397934787855 32.76527744339098, -96.80481098126558 32.76539329197127, -96.80562517351903 32.76557744899084, -96.80641408524073 32.765828141333174, -96.80717012027156 32.7661429552427, -96.80788599878925 32.7665188595495, -96.80855482737057 32.766952234835856, -96.80917016534515 32.767438908264324, -96.80972608680278 32.767974193733856, -96.81021723765812 32.76855293697735, -96.8106388872234 32.76916956516854, -96.81098697379197 32.769818140561014, -96.81125814379277 32.770492417644334, -96.81144978413731 32.771185903267614, -96.81156004744554 32.77189191915281, -96.8115878699055 32.772603666195856, -96.81153298159205 32.773314289937716, -96.8113959091424 32.774016946574285, -96.81117797076004 32.774704868870344, -96.81088126359177 32.77537143134185, -96.81050864359727 32.77601021407908, -96.8100636981019 32.77661506459492, -96.80955071129537 32.77718015710206, -96.80897462300632 32.77770004864712, -96.808340981149 32.77816973156026, -96.80765588829881 32.77858468171364, -96.80692594291118 32.77894090212284, -96.80615817575057 32.77923496147045, -96.80535998214205 32.77946402717901, -96.80453905070014 32.779625892714506, -96.80370328922281 32.77971899885577, -96.80286074846651 32.779742448724896, -96.80201954453945 32.77969601643279, -96.80118778066284 32.77958014925683, -96.80037346905686 32.779395963329016, -96.79958445370636 32.77914523287679, -96.79882833475286 32.778830373120314, -96.79811239524373 32.778454416991316, -96.79744353094605 32.77802098589906, -96.79682818390278 32.77753425482555, -96.7962722803726 32.7769989120871, -96.79578117375193 32.77642011415163, -96.7953595930286 32.77580343594724, -96.79501159726375 32.775154817142266, -96.79474053653885 32.77448050491546, -96.79454901974302 32.77378699376825, -96.79443888950838 32.77308096295961, -96.79441120453296 32.772369212167014))",POINT (-96.8029995258667 32.77248673576151)
DALLAS COLLEGE NORTHLAKE CAMPUS STATION,903,1125,222,530,530,0,"POLYGON ((-96.95852808518997 32.875096557274986, -96.95858185727128 32.874385875502924, -96.95871791736853 32.87368306334649, -96.95893495326348 32.87299488900604, -96.95923087305643 32.87232797956331, -96.95960282537864 32.87168875717488, -96.96004722691016 32.871083377244304, -96.96055979693593 32.87051766916737, -96.96113559860525 32.86999708022054, -96.96176908649659 32.86952662313151, -96.96245416002805 32.869110827835534, -96.96318422219969 32.86875369788161, -96.96395224310191 32.86845867190618, -96.96475082757931 32.86822859054488, -96.96557228639999 32.86806566909973, -96.9664087102465 32.86797147622411, -96.96725204581855 32.86794691882982, -96.96809417331704 32.86799223336157, -96.96892698456588 32.86810698352182, -96.9697424610224 32.868290064468695, -96.97053275092794 32.86853971344592, -96.97129024485825 32.86885352674322, -96.97200764894875 32.86922848282447, -96.97267805509173 32.86966097140151, -96.97329500743126 32.87014682817443, -96.9738525645164 32.870681374905416, -96.97434535651539 32.87125946444084, -96.97476863693976 32.87187553024953, -96.97511832837988 32.87252364000128, -96.97539106181054 32.87319755267066, -96.97558420908673 32.87389077861755, -96.97569590831446 32.8745966420664, -96.97572508185027 32.875308345383424, -96.97567144675322 32.8760190345331, -96.97553551758605 32.876721865084214, -96.97531860153543 32.87741006812949, -96.9750227858955 32.87807701548415, -96.97465091803245 32.87871628353457, -96.9742065780205 32.87932171512257, -96.97369404421059 32.879887478867076, -96.97311825206161 32.88040812535238, -96.97248474662929 32.880878639639675, -96.97179962916958 32.881294489595554, -96.97106949837055 32.88165166957047, -96.97030138677916 32.88194673900572, -96.96950269303586 32.882176855595546, -96.96868111057168 32.88233980268406, -96.96784455345556 32.88243401063248, -96.96700108010926 32.88245857194973, -96.96615881562647 32.88241325004038, -96.96532587344757 32.88229848148545, -96.96451027714672 32.882115371833734, -96.96371988308816 32.881865684944614, -96.96296230469869 32.881551825985305, -96.96224483908864 32.881176818246665, -96.96157439672979 32.88074427400204, -96.9609574348699 32.88025835969062, -96.96039989532576 32.87972375576142, -96.95990714725502 32.87914561156606, -96.95948393545804 32.87852949573635, -96.95913433470712 32.877881342524816, -96.95886171054232 32.877207394626915, -96.95866868690965 32.87651414303664, -96.95855712095153 32.87580826451497, -96.95852808518997 32.875096557274986))",POINT (-96.9671265732418 32.87520274826509)
DEEP ELLUM STATION,967,833,-134,938,1009,71,"POLYGON ((-96.77994992413834 32.78575321592214, -96.78000507326342 32.78504260693678, -96.78014241150238 32.78433998563477, -96.78036061433374 32.78365211837535, -96.78065757862639 32.78298562927989, -96.78103044295996 32.782346936453884, -96.78147561523915 32.781742190198194, -96.78198880733392 32.78117721380373, -96.78256507641038 32.78065744749854, -96.78319887255255 32.78018789608644, -96.78388409221608 32.77977308077977, -96.78461413699885 32.77941699568944, -96.78538197716259 32.77912306938962, -96.78618021929496 32.778894131926485, -96.78700117746195 32.77873238758723, -96.7878369471671 32.77863939369097, -96.7886794814078 32.77861604560525, -96.78952066809862 32.77866256813106, -96.79035240811913 32.77877851334026, -96.79116669323727 32.77896276488502, -96.79195568316077 32.77921354873861, -96.79271178097741 32.77952845026418, -96.79342770626018 32.77990443744806, -96.79409656513535 32.78033789007429, -96.79471191664035 32.78082463456053, -96.79526783473419 32.781359984121174, -96.7957589653633 32.78193878387174, -96.796180578034 32.782555460441486, -96.79652861139418 32.783204075617846, -96.79679971238438 32.78387838350694, -96.79699126857993 32.784571890660935, -96.79710143341039 32.78527791859412, -96.7971291440115 32.78598966808618, -96.79707413153471 32.78670028465421, -96.79693692381254 32.78740292456301, -96.79671884035074 32.78809082073828, -96.79642197969312 32.78875734794747, -96.79604919927745 32.789396086620336, -96.79560408797408 32.79000088469415, -96.79509093156977 32.790565916886734, -96.7945146715269 32.791085740825636, -96.79388085741425 32.79155534949233, -96.79319559346676 32.79197021947413, -96.79246547978839 32.79232635455902, -96.791697548765 32.792620324251565, -96.79089919730065 32.79284929683802, -96.79007811553089 32.79301106668145, -96.78924221270215 32.7931040754826, -96.78839954093296 32.79312742730118, -96.78755821759381 32.79308089719267, -96.78672634705653 32.792964933376666, -96.78591194256883 32.79278065291604, -96.78512284901029 32.79252983094877, -96.78436666727578 32.79221488357633, -96.78365068101718 32.791838844574286, -96.78298178645153 32.79140533614998, -96.78236642591295 32.79091853402999, -96.7818105257896 32.79038312721479, -96.78131943944443 32.78980427278908, -96.78089789566933 32.789187546224774, -96.7805499531688 32.7885388876557, -96.78027896151059 32.78786454464328, -96.78008752891782 32.787171011985095, -96.77997749721094 32.786464969147026, -96.77994992413834 32.78575321592214))",POINT (-96.7885395226222 32.78587173862731)
DFW AIRPORT STATION,0,0,0,0,0,0,"POLYGON ((-97.03090989786106 32.90729056024925, -97.0309631087287 32.90657984989531, -97.031098643925 32.90587696127153, -97.03131519628619 32.90518866331734, -97.03161067856796 32.90452158430753, -97.03198224361338 32.90388214803401, -97.03242631183019 32.90327651196207, -97.03293860571085 32.90271050795593, -97.03351419106158 32.90218958614308, -97.03414752454134 32.901718762457506, -97.03483250705257 32.901302570365125, -97.03556254246925 32.9009450172358, -97.036330601137 32.900649545780446, -97.03712928753457 32.90041900092351, -97.03795091144663 32.90025560242885, -97.0387875619645 32.90016092354188, -97.03963118360403 32.900135875852534, -97.04047365381079 32.90018070052468, -97.0413068611084 32.90029496597565, -97.04212278314074 32.90047757202892, -97.04291356385922 32.90072676049916, -97.04367158911445 32.9010401321088, -97.044389559927 32.90141466957337, -97.04506056273374 32.90184676663464, -97.04567813593503 32.90233226276211, -97.0462363321035 32.90286648319059, -97.04672977525537 32.903444283908804, -97.04715371263386 32.9040601011675, -97.047504060505 32.904708005031075, -97.04777744352397 32.9053817564584, -97.04797122729164 32.906074867363984, -97.04808354378562 32.90678066308243, -97.04811330941878 32.907492346634704, -97.04806023554826 32.908203064178274, -97.04792483133171 32.90890597101116, -97.04770839889953 32.909594297494166, -97.04741302088712 32.910261414256205, -97.04704154044441 32.910900896054535, -97.0465975339125 32.91150658367438, -97.04608527642834 32.912072643270584, -97.04550970078704 32.9125936225793, -97.04487634995652 32.913064503457065, -97.0441913237011 32.913480750240105, -97.04346121982788 32.913838353456754, -97.04269307062197 32.91413386847133, -97.04189427508399 32.91436444868544, -97.04107252762341 32.914527872976436, -97.04023574389686 32.914622567107585, -97.03939198450762 32.91464761890306, -97.03854937730375 32.91460278704136, -97.03771603902636 32.91448850338127, -97.03689999706506 32.914305868799154, -97.03610911207721 32.91405664257667, -97.03535100221924 32.913743225442246, -97.03463296972181 32.91336863642975, -97.03396193051859 32.91293648377846, -97.03334434760785 32.912450930155096, -97.03278616879015 32.91191665253446, -97.0322927693825 32.91133879712558, -97.03186890046052 32.91072292977952, -97.03151864312755 32.91007498235674, -97.031245369249 32.90940119557226, -97.03105170902984 32.90870805887033, -97.03093952574453 32.9080022479077, -97.03090989786106 32.90729056024925))",POINT (-97.0395115938477 32.9073917504982)
DOWNTOWN CARROLLTON STATION,1226,1292,66,436,436,0,"POLYGON ((-96.89967844798443 32.954338508283136, -96.89973274077794 32.95362785892063, -96.89986939001234 32.952925118010725, -96.90008707779303 32.95223705306709, -96.90038370594027 32.95157029011758, -96.90075641626231 32.950931249907995, -96.90120161813883 32.95032608608766, -96.90171502314737 32.949760625971656, -96.90229168639722 32.94924031444919, -96.90292605417123 32.94877016157718, -96.90361201741646 32.94835469436235, -96.90434297056781 32.947997913195366, -96.90511187513873 32.94770325335496, -96.90591132746765 32.94747355195221, -96.90673362996894 32.94731102063124, -96.90757086520424 32.94721722428964, -96.90841497206316 32.94719306602157, -96.90925782332238 32.94723877842888, -96.91009130383887 32.947353921383154, -96.91090738862718 32.94753738626014, -96.91169822007208 32.947787406606416, -96.91245618353518 32.94810157513526, -96.91317398063048 32.94847686688922, -96.91384469946506 32.94890966834682, -96.91446188117031 32.94939581219422, -96.91501958208441 32.949930617427924, -96.91551243098777 32.95050893440362, -96.91593568084068 32.95112519439846, -96.91628525452421 32.95177346321071, -96.9165577841432 32.95244749828172, -96.91675064351129 32.95314080879118, -96.91686197350299 32.95384671814788, -96.91689070002677 32.95455842827471, -96.91683654444297 32.95526908506957, -96.91670002632367 32.95597184441206, -96.91648245852477 32.95665993808017, -96.91618593461511 32.95732673894211, -96.91581330878076 32.957965824795146, -96.91536816839513 32.95857104023595, -96.91485479951764 32.95913655596568, -96.91427814565056 32.959656924957834, -96.9136437601504 32.96012713494707, -96.91295775275132 32.960542656731675, -96.91222673071528 32.960899487823866, -96.91145773517596 32.96119419102628, -96.91065817329083 32.96142392756154, -96.90983574685569 32.96158648443534, -96.90899837807163 32.961680295768126, -96.9081541331812 32.96170445788965, -96.90731114471224 32.961658738049955, -96.90647753308066 32.96154357666311, -96.90566132831057 32.96136008306167, -96.90487039262807 32.96111002480294, -96.90411234467732 32.96079581063063, -96.9033944860911 32.960420467256235, -96.90272373112545 32.959987610184925, -96.90210654003745 32.9595014088678, -96.90154885684952 32.95896654651686, -96.90105605209997 32.95838817497141, -96.90063287113179 32.95777186505138, -96.90028338841665 32.957123552877086, -96.90001096835385 32.956449482673605, -96.89981823291964 32.95575614661128, -96.8997070364767 32.955050222263395, -96.89967844798443 32.954338508283136))",POINT (-96.9082845633136 32.954448765472705)
DOWNTOWN GARLAND STATION,1578,1725,147,769,788,19,"POLYGON ((-96.6267744527072 32.91619568088491, -96.62683091124619 32.9154851497865, -96.62696966606917 32.91478270736191, -96.6271893790107 32.91409511824669, -96.62748793239629 32.91342900388293, -96.6278624495029 32.912790778767224, -96.62830932232055 32.912186588696464, -96.62882424634572 32.91162225160604, -96.62940226206976 32.91110320156836, -96.63003780276108 32.910634436490845, -96.63072474808058 32.910220470014956, -96.63145648301375 32.90986528807907, -96.63222596155205 32.90957231056183, -96.63302577451137 32.909344358374476, -96.63384822083614 32.90918362631784, -96.6346853817039 32.90909166196451, -96.63552919671929 32.90906935076889, -96.63637154146623 32.909116907548025, -96.63720430567437 32.90923387441472, -96.63801947124963 32.90941912518303, -96.63880918942064 32.90967087620367, -96.63956585626063 32.90998670352565, -96.64028218586016 32.91036356621891, -96.64095128044802 32.91079783563504, -96.64156669678701 32.91128533032434, -96.64212250820611 32.91182135627471, -96.64261336167296 32.91240075208568, -96.64303452935643 32.913017938644, -96.64338195418307 32.913666972823286, -96.6436522889473 32.91434160469204, -96.64384292859718 32.91503533767997, -96.64395203538344 32.915741491124145, -96.6439785566264 32.91645326459355, -96.64392223492776 32.91716380337256, -96.64378361072573 32.91786626447374, -96.64356401716616 32.918553882543755, -96.64326556733565 32.9192200350278, -96.64289113397776 32.91985830596444, -96.64244432188399 32.920462547795765, -96.64192943322429 32.921026940597365, -96.64135142614825 32.92154604815579, -96.64071586705515 32.92201487035324, -96.6400288769912 32.922428891353064, -96.63929707269044 32.92278412312165, -96.63852750282719 32.923077143865235, -96.6377275800951 32.92330513101145, -96.63690500976824 32.92346588841601, -96.63606771543442 32.92355786753224, -96.63522376261803 32.923580182338355, -96.63438128103074 32.923532617878635, -96.63354838620161 32.92341563233536, -96.63273310124444 32.92323035261225, -96.63194327951834 32.92297856347128, -96.63118652892965 32.92266269032843, -96.63047013860623 32.92228577587456, -96.62980100865289 32.92185145074729, -96.6291855836659 32.9213638985372, -96.62862979064857 32.92082781546693, -96.62813898192617 32.92024836513199, -96.62771788361029 32.91963112874098, -96.6273705501086 32.91898205133534, -96.62710032511717 32.91830738450774, -96.62690980946934 32.917613626171885, -96.62680083614914 32.91690745796481, -96.6267744527072 32.91619568088491))",POINT (-96.6353764921673 32.9163247697853)
DOWNTOWN PLANO STATION,1551,1725,174,772,772,0,"POLYGON ((-96.69229322262751 33.020737224895726, -96.69234922174262 33.02002667384184, -96.69248762030861 33.01932416804889, -96.69270708358431 33.01863647276358, -96.69300549629313 33.01797021045167, -96.69337998306048 33.01733179703574, -96.69382693616285 33.01672738012762, -96.69434205031865 33.01616277984864, -96.69492036418413 33.015643432807416, -96.69555630815354 33.01517433977307, -96.69624375800242 33.01476001754672, -96.69697609385695 33.01440445549403, -96.69774626392237 33.01411107715534, -96.69854685235701 33.013882707302756, -96.69937015064048 33.01372154475989, -96.70020823174987 33.0136291412453, -96.70105302643275 33.01360638644277, -96.70189640084433 33.01365349944102, -96.70273023480448 33.013770026626084, -96.70354649992343 33.013954846045486, -96.70433733684723 33.014206178203, -96.70509513088118 33.01452160318014, -96.70581258526605 33.01489808392032, -96.7064827914033 33.015331995452065, -96.70709929535487 33.01581915977084, -96.70765615997834 33.016354886044766, -96.70814802210003 33.016934015758146, -96.70857014417528 33.01755097235916, -96.70891845993836 33.01819981493512, -96.70918961360127 33.018874295398966, -96.7093809922223 33.019567918638174, -96.70949075093093 33.02027400504652, -96.70951783076382 33.02098575483867, -96.70946196893713 33.0216963135274, -96.70932370145387 33.022398837934176, -96.70910435801771 33.023086562097006, -96.70880604929997 33.02375286244039, -96.70843164667882 33.02439132158017, -96.70798475464413 33.02499579014741, -96.7074696761307 33.025560446035534, -96.70689137111258 33.02607985049892, -96.70625540885544 33.02654900056172, -96.70556791428662 33.02696337723124, -96.70483550899844 33.02731898904963, -96.704065247454 33.02761241056404, -96.7032645490104 33.027840815343176, -96.70244112641569 33.028002003221204, -96.70160291146992 33.028094421505934, -96.70075797856882 33.02811717994603, -96.69991446686879 33.02807005931293, -96.69908050182595 33.02795351351402, -96.69826411686742 33.027768665217096, -96.69747317595255 33.02751729502814, -96.69671529777241 33.027201824327136, -96.69599778231984 33.026825291927835, -96.69532754054022 33.02639132478692, -96.6947110277413 33.02590410304602, -96.69415418140554 33.02536831974365, -96.69366236400381 33.024789135587085, -96.69324031136222 33.02417212922039, -96.69289208707815 33.023523243468716, -96.69262104342418 33.02284872807825, -96.69242978911444 33.02215507950393, -96.69232016424218 33.02144897832543, -96.69229322262751 33.020737224895726))",POINT (-96.7009055145978 33.02086178726338)
DOWNTOWN ROWLETT STATION,1830,2061,231,654,683,29,"POLYGON ((-96.55479472441561 32.90398271083828, -96.55485175206586 32.903272211513794, -96.5549910580671 32.90256984843457, -96.55521129894713 32.90188238547087, -96.55551035194895 32.90121644284887, -96.5558853355402 32.900578433410125, -96.55633263722085 32.899974500873775, -96.55684794835993 32.89941046069423, -96.5574263057234 32.89889174408416, -96.55806213929228 32.89842334573958, -96.5587493259095 32.8980097757701, -96.55948124823914 32.89765501629577, -96.56025085846997 32.89736248312713, -96.56105074615135 32.89713499289673, -96.56187320950926 32.89697473595729, -96.56271032955792 32.89688325530672, -96.56355404629522 32.89686143174219, -96.56439623625124 32.89690947538565, -96.56522879064538 32.897026923662345, -96.5660436934028 32.897212645751175, -96.56683309828139 32.8974648534649, -96.5675894043693 32.89778111845522, -96.56830532922888 32.89815839557795, -96.56897397898409 32.898593052194144, -96.56958891467889 32.89908090312557, -96.57014421426844 32.899617250929595, -96.57063452964692 32.90019693110612, -96.5710551381629 32.900814361803064, -96.57140198812591 32.901463597542424, -96.57167173786496 32.90213838645096, -96.57186178796104 32.902832230445156, -96.57197030634184 32.90353844779212, -96.57199624599421 32.90425023744435, -96.57193935512126 32.90496074452925, -96.5718001796436 32.90566312636342, -96.57158005801749 32.90635061835586, -96.57128110841701 32.907016599164855, -96.57090620840096 32.90765465448132, -96.57045896725755 32.9082586388231, -96.56994369129133 32.908822734744895, -96.56936534238471 32.9093415088919, -96.56872949023168 32.90980996435701, -96.56804225870344 32.910223588835464, -96.56731026686187 32.9105783981125, -96.56654056518946 32.91087097446368, -96.56574056765093 32.91109849959696, -96.56491798024204 32.911258781818304, -96.56408072671577 32.91135027715829, -96.5632368722037 32.91137210425523, -96.56239454547038 32.911324052851356, -96.56156186055266 32.911206585819706, -96.56074683854133 32.91102083470212, -96.55995733026138 32.9107685888014, -96.55920094059829 32.910452277933366, -96.55848495520148 32.9100749490052, -96.55781627027339 32.909640236646766, -96.55720132612174 32.90915232817838, -96.55664604511635 32.90861592325384, -96.55615577464889 32.90803618856833, -96.55573523564486 32.90741870806868, -96.55538847712342 32.9067694291468, -96.55511883724152 32.906094605335404, -96.55492891119643 32.9054007360593, -96.55482052629323 32.90469450402289, -96.55479472441561 32.90398271083828))",POINT (-96.5633954722268 32.904116771139606)
FAIR PARK STATION,0,0,0,0,0,0,"POLYGON ((-96.75734631769092 32.781943655478145, -96.75740164558539 32.78123305638755, -96.757539157022 32.780530459918786, -96.75775752581167 32.77984263219156, -96.75805464722563 32.779176196946196, -96.75842765833104 32.778537571769235, -96.75887296561986 32.777932906309914, -96.75938627966272 32.77736802308068, -96.7599626564521 32.7768483614123, -96.7605965450356 32.77637892510075, -96.76128184097946 32.775964234249905, -96.76201194514765 32.77560828177217, -96.76277982723064 32.77531449496476, -96.76357809341292 32.775085702530596, -96.76439905752925 32.77492410736045, -96.76523481502612 32.774831265337156, -96.76607731901852 32.774808070365935, -96.76691845771222 32.774854745773595, -96.76775013244878 32.77497084216002, -96.76856433562439 32.775155241721826, -96.76935322773534 32.775406169007056, -96.77010921281075 32.775721207997954, -96.77082501150859 32.776097325357135, -96.77149373117332 32.77653089961525, -96.77210893218225 32.7770177560187, -96.7726646899428 32.77755320670413, -96.77315565194473 32.77813209581314, -96.77357708931758 32.77874884911439, -96.77392494239676 32.779397527656215, -96.77419585985851 32.78007188493427, -96.77438723104525 32.780765427024846, -96.77449721116807 32.781471475105455, -96.77452473914146 32.782183229761436, -96.7744695478758 32.78289383645979, -96.7743321669257 32.78359645155999, -96.77411391746568 32.78428430822634, -96.77381689963875 32.7849507816064, -96.77344397239696 32.78558945264808, -96.77299872602555 32.78619416993969, -96.77248544761281 32.78675910897682, -96.77190907979703 32.78727882828404, -96.77127517318577 32.787748321850366, -96.7705898329056 32.78816306737165, -96.76985965979635 32.78851906983455, -96.76909168681694 32.78881290002091, -96.76829331127593 32.7890417275608, -96.76747222354119 32.78920334821439, -96.76663633291683 32.789296205119435, -96.76579369140386 32.789319403798956, -96.7649524160813 32.789272720783494, -96.76412061085824 32.78915660576563, -96.76330628835298 32.78897217726471, -96.762517292655 32.78872121184479, -96.76176122371595 32.78840612698918, -96.76104536410074 32.78802995779768, -96.76037660880588 32.787596327731706, -96.75976139882336 32.78710941368943, -96.75920565909054 32.786573905749236, -96.75871474142494 32.78599496196976, -96.75829337299314 32.78537815868336, -96.75794561081041 32.78472943676256, -96.75767480270737 32.78405504437876, -96.75748355513903 32.78336147680477, -96.75737370814373 32.78265541384238, -96.75734631769092 32.781943655478145))",POINT (-96.76593551681322 32.78206373922812)
FARMERS BRANCH STATION,3356,3491,135,1505,1529,24,"POLYGON ((-96.88764261493209 32.9218566717569, -96.88769698441835 32.92114602476948, -96.88783367905302 32.920443294214834, -96.8880513805058 32.919755247506586, -96.8883479904668 32.91908851049663, -96.88872065092077 32.91844950368052, -96.88916577172894 32.9178443803855, -96.88967906525065 32.91727896753592, -96.89025558766964 32.91675870956533, -96.89088978662564 32.91628861601444, -96.89157555469176 32.91587321331827, -96.89230628818254 32.91551650124582, -96.89307495072659 32.91522191441013, -96.89387414099252 32.914992289218915, -96.89469616391767 32.914829836582356, -96.89553310475503 32.91473612064013, -96.89637690522817 32.91471204371225, -96.89721944106296 32.91475783761738, -96.89805260015257 32.91487306144239, -96.89886836060556 32.91505660578462, -96.89965886792874 32.9153067034257, -96.90041651060378 32.91562094633493, -96.90113399333278 32.91599630883897, -96.90180440724929 32.91642917673553, -96.90242129642041 32.91691538207131, -96.90297872000103 32.917450243251146, -96.90347130944215 32.918028610092286, -96.9038943202029 32.918644913392065, -96.90424367746722 32.91929321853195, -96.90451601542483 32.91996728260361, -96.90470870973601 32.92066061450763, -96.90481990286602 32.9213665374467, -96.90484852204266 32.92207825321284, -96.90479428966148 32.92278890764957, -96.9046577260357 32.923491656658875, -96.90444014446093 32.924179732117935, -96.9041436386403 32.924846507069994, -96.90377106258694 32.92548555956142, -96.90332600319621 32.926090734509636, -96.90281274574849 32.92665620300536, -96.90223623267374 32.92717651847654, -96.90160201597318 32.927646669172745, -96.90091620375556 32.92806212646293, -96.90018540140306 32.92841888848009, -96.89941664793345 32.92871351869178, -96.89861734817225 32.92894317902338, -96.89779520139002 32.92910565721434, -96.89695812709351 32.929199388142905, -96.89611418868793 32.9292234689131, -96.89527151574804 32.929177667558726, -96.89443822564958 32.929062425279014, -96.89362234531855 32.928878852185974, -96.89283173385502 32.92862871660281, -96.89207400677935 32.928314428018254, -96.89135646263291 32.927939013861, -96.8906860126424 32.92750609031833, -96.89006911412703 32.92701982748196, -96.88951170829101 32.926484909156805, -96.88901916300136 32.92590648772158, -96.88859622110233 32.92529013447716, -96.88824695476362 32.92464178596127, -96.88797472630125 32.92396768674917, -96.88778215584713 32.923274329290784, -96.88767109617626 32.922568391365395, -96.88764261493209 32.9218566717569))",POINT (-96.89624555772241 32.92196775956979)
FOREST / JUPITER STATION,1605,1606,1,410,410,0,"POLYGON ((-96.67086320112459 32.907935722058994, -96.67091930102092 32.907225170348845, -96.67105769355454 32.90652267818985, -96.67127704404884 32.90583501069708, -96.6715752383194 32.905168790068146, -96.67194940310083 32.90453043182328, -96.67239593377512 32.90392608304198, -96.67291052913247 32.90336156318823, -96.67348823282794 32.902842308094655, -96.67412348113328 32.9023733176434, -96.67481015652358 32.90195910764619, -96.67554164658215 32.90160366638632, -96.6763109076571 32.90131041623944, -96.67711053265717 32.9010821807418, -96.67793282233558 32.90092115742202, -96.67876985937741 32.90082889665707, -96.67961358457899 32.90080628675525, -96.6804558743888 32.90085354540963, -96.68128861906534 32.900970217603415, -96.68210380070288 32.90115517998789, -96.68289357037584 32.901406651690564, -96.68365032366229 32.9017222114499, -96.68436677382137 32.90209882091238, -96.68503602192214 32.90253285386805, -96.68565162325048 32.90302013114441, -96.68620764935557 32.903555960823255, -96.68669874513907 32.904135183394516, -96.68712018043799 32.90475222141361, -96.6874678956032 32.90540113318518, -96.68773854063448 32.906075669957055, -96.68792950749322 32.90676933607547, -96.68803895527995 32.90747545152215, -96.68806582803178 32.90818721623265, -96.68800986496568 32.908897775576484, -96.68787160306617 32.909600286368736, -96.68765237198971 32.91028798277828, -96.68735428133151 32.910954241496334, -96.68698020037525 32.91159264553877, -96.68653373051755 32.91219704606623, -96.68601917063107 32.912761621626125, -96.68544147569764 32.91328093424503, -96.68480620910876 32.91374998183019, -96.68411948909198 32.91416424637426, -96.68338792977896 32.9145197374977, -96.68261857748301 32.914813030908675, -96.68181884280095 32.91504130140825, -96.68099642919456 32.915202350122755, -96.68015925874131 32.91529462569931, -96.67931539577171 32.91531723926041, -96.67847296913169 32.91526997297235, -96.67764009382101 32.9151532821453, -96.67682479276564 32.914968290844016, -96.67603491948033 32.914716781052306, -96.67527808236872 32.914401175495335, -96.67456157139304 32.91402451428672, -96.67389228782139 32.913590425624896, -96.67327667773102 32.913103090823185, -96.6727206699095 32.912567204010436, -96.67222961875245 32.91198792689235, -96.671808252708 32.91137083900968, -96.67146062876377 32.91072188397403, -96.67119009341448 32.91004731220017, -96.6709992504837 32.90935362068705, -96.67088993610841 32.90864749042877, -96.67086320112459 32.907935722058994))",POINT (-96.6794645023763 32.9080617661688)
FOREST LN STATION,697,702,5,324,324,0,"POLYGON ((-96.75308605481189 32.908489382321406, -96.75314149595992 32.9077787939306, -96.75327923771418 32.90707621090345, -96.75349795166227 32.906388399230835, -96.75379552974645 32.905721982499095, -96.75416910463176 32.905083378117666, -96.75461507737731 32.9044787355367, -96.75512915214271 32.903913877049874, -96.75570637759294 32.903394241751265, -96.75634119460233 32.90292483318452, -96.75702748979673 32.902510171188034, -96.75775865441878 32.90215424839794, -96.75852764794921 32.90186049182702, -96.75932706587247 32.90163172988832, -96.76014921093606 32.90147016518, -96.76098616721846 32.90137735329236, -96.76182987629521 32.90135418784087, -96.76267221477215 32.90140089186825, -96.7635050724418 32.901517015698595, -96.76432043031343 32.90170144126373, -96.7651104377678 32.901952392860515, -96.76586748809683 32.90226745423596, -96.76658429170283 32.90264359183589, -96.7672539462548 32.90307718399448, -96.76787000312787 32.90356405578419, -96.76842652948727 32.9040995191917, -96.76891816541982 32.90467841823459, -96.76934017556272 32.90529517858406, -96.76968849473238 32.905943861219185, -96.76995976711245 32.90661821959484, -96.77015137862269 32.90731175977569, -96.77026148215458 32.90801780295681, -96.77028901542862 32.90872954977025, -96.77023371129845 32.90944014575832, -96.77009610040002 32.91014274738383, -96.76987750611707 32.91083058794131, -96.7695800319086 32.911497042734254, -96.76920654111774 32.912135692890594, -96.76876062945364 32.91274038720111, -96.76824659040939 32.91330530138416, -96.76766937394726 32.91382499420533, -96.76703453884754 32.914294459910344, -96.76634819917952 32.914709176465074, -96.76561696540968 32.9150651491367, -96.76484788071464 32.915358948995575, -96.7640483531133 32.91558774596505, -96.76322608407304 32.91574933610084, -96.76238899427976 32.91584216283539, -96.76154514728867 32.91586533198274, -96.76070267179388 32.91581862035811, -96.75986968326838 32.91570247792937, -96.7590542057316 32.915518023479436, -96.75826409440151 32.915267033821415, -96.75750695997804 32.914951926671016, -96.7567900952906 32.91457573734154, -96.75612040501747 32.91414208948671, -96.7555043391563 32.9136551601745, -96.75494783088726 32.913119639628654, -96.75445623942832 32.912540686027576, -96.7540342984332 32.91192387579654, -96.75368607042816 32.91127514987349, -96.75341490772615 32.91060075646704, -96.75322342019258 32.909907190858725, -96.75311345017157 32.90920113283069, -96.75308605481189 32.908489382321406))",POINT (-96.7616875234556 32.908609763073905)
GALATYN PARK STATION,736,1316,580,572,607,35,"POLYGON ((-96.70235167539946 32.985107912009475, -96.70240757155781 32.984397353185955, -96.70254583491955 32.98369483301462, -96.7027651320484 32.98300711688121, -96.70306334927028 32.982340827452596, -96.70343761309535 32.981702380912736, -96.70388431794872 32.98109792519256, -96.70439916094058 32.98053328078702, -96.70497718333905 32.98001388472945, -96.70561281834522 32.97954473826055, -96.70629994470927 32.97913035869556, -96.70703194567146 32.97877473595161, -96.70780177266025 32.97848129415277, -96.70860201313572 32.97825285868146, -96.70942496192579 32.97809162899238, -96.7102626953705 32.977999157449986, -96.71110714756249 32.97797633439219, -96.71195018795228 32.97802337956452, -96.7127836995735 32.97813984000544, -96.71359965713798 32.97832459440478, -96.71439020425112 32.97857586389208, -96.71514772900723 32.978891229152225, -96.7158649372388 32.979267653703644, -96.71653492271689 32.979701513116126, -96.71715123362803 32.980188629887294, -96.71770793468912 32.980724313643655, -96.7181996643024 32.98130340627955, -96.71862168620073 32.98192033160088, -96.71896993508506 32.982569148996994, -96.71924105581368 32.983243610624186, -96.7194324357648 32.98393722155208, -96.71954223005802 32.984643302294, -96.71956937939039 32.985355053119925, -96.71951362031183 32.986065619533434, -96.71937548783883 32.98676815828229, -96.71915631037764 32.98745590326676, -96.71885819700363 32.988122230711376, -96.71848401721576 32.98876072297111, -96.71803737335944 32.9893652303581, -96.71752256598046 32.98992993039189, -96.71694455244202 32.99044938390132, -96.71630889920263 32.99091858743792, -96.71562172821271 32.99133302149332, -96.71488965794705 32.99168869405639, -96.71411973964042 32.991982179088495, -96.71331938934205 32.992210649545825, -96.71249631644446 32.99237190462915, -96.71165844937697 32.99246439099818, -96.71081385918198 32.992487217745136, -96.70997068171239 32.99244016498283, -96.70913703920243 32.99232368596439, -96.70832096197032 32.992138902713954, -96.70753031100934 32.99188759521068, -96.706772702216 32.99157218423065, -96.70605543298736 32.9911957080124, -96.70538541189642 32.99076179297168, -96.70476909212523 32.99027461874863, -96.70421240929738 32.98973887792459, -96.70372072430993 32.98915973079828, -96.70329877171508 32.98854275565783, -96.7029506141486 32.98789389502846, -96.70267960324288 32.987219398415256, -96.70248834739928 32.986525762093095, -96.70237868672885 32.98581966652458, -96.70235167539946 32.985107912009475))",POINT (-96.7109605153831 32.985231779846806)
HAMPTON STATION,873,1486,613,372,372,0,"POLYGON ((-96.84695560886432 32.72622482996719, -96.84701018321832 32.72551418858154, -96.84714689761967 32.72481149062501, -96.84736443355933 32.724123503196566, -96.84766069433236 32.72345685157605, -96.84803282529623 32.722817955434984, -96.8484772414198 32.72221296703277, -96.84898966185551 32.72164771199239, -96.84956515119991 32.721127633225095, -96.85019816704416 32.72065773854322, -96.85088261335537 32.720242552464, -96.85161189917501 32.719886072667684, -96.85237900206901 32.71959173152821, -96.85317653571977 32.719362363085, -96.8539968210103 32.7192001757739, -96.85483195991817 32.71910673117819, -96.85567391150954 32.719082929003854, -96.85651456930448 32.71912899842321, -96.85734583927082 32.719244495870086, -96.85815971769884 32.71942830930734, -96.85894836820931 32.71967866892631, -96.85970419715618 32.71999316417497, -96.86041992670039 32.720368766951744, -96.861088664853 32.72080186074269, -96.86170397181507 32.721288275421514, -96.86225992197673 32.721823327379525, -96.86275116097882 32.72240186459934, -96.86317295728817 32.72301831623985, -96.8635212477891 32.72366674625626, -96.86379267695142 32.72434091053967, -96.86398462919595 32.72503431702718, -96.86409525414429 32.72574028820451, -96.86412348450705 32.72645202539991, -96.86406904643592 32.72716267425072, -96.86393246223682 32.72786539071261, -96.8637150454152 32.72855340697538, -96.86341888809835 32.7292200966512, -96.86304684095307 32.729859038606044, -96.86260248578937 32.730464078819956, -96.86209010111216 32.73102938967883, -96.8615146209507 32.73154952612631, -96.86088158736096 32.73201947813349, -96.86019709705775 32.73243471898018, -96.85946774269023 32.73279124888138, -96.85870054932667 32.73308563353767, -96.85790290676142 32.73331503723733, -96.85708249829696 32.73347725018963, -96.85624722668923 32.733570709825884, -96.85540513797166 32.73359451586211, -96.85456434389386 32.733548438977586, -96.85373294372526 32.733432923025376, -96.85291894617919 32.73324908075375, -96.85213019221253 32.73299868307949, -96.85137427944707 32.73268414201708, -96.85065848894301 32.732308487428604, -96.84998971503191 32.73187533781917, -96.84937439888688 32.73138886546016, -96.84881846647072 32.73085375617682, -96.84832727146063 32.73027516418956, -96.84790554369917 32.729658662444166, -96.84755734366777 32.72901018891095, -96.84728602341997 32.72833598937103, -96.84709419434938 32.72764255724236, -96.84698370210089 32.72693657102447, -96.84695560886432 32.72622482996719))",POINT (-96.855539535713 32.726338724119195)
HATCHER STATION,2564,2209,-355,993,993,0,"POLYGON ((-96.73389085043671 32.76620704372784, -96.73394635640045 32.765496454196764, -96.73408402936236 32.76479388269892, -96.73430254158092 32.764106095113895, -96.73459978694908 32.76343971479564, -96.73497290134307 32.76280115880188, -96.73541829026263 32.76219657611559, -96.73593166349438 32.761631788452185, -96.73650807646246 32.76111223422188, -96.737141977867 32.76064291618582, -96.73782726315133 32.760228353308555, -96.73855733328195 32.75987253726972, -96.73932515827637 32.75957889405214, -96.74012334486761 32.759350250975515, -96.7409442076551 32.75918880949173, -96.74177984305888 32.75909612400313, -96.74262220536713 32.759073086906966, -96.74346318414719 32.759119920009184, -96.74429468227758 32.759236172390686, -96.7451086938522 32.75942072474537, -96.74589738120957 32.75967180014965, -96.74665315034785 32.75998698115906, -96.74736872400209 32.76036323306851, -96.74803721168193 32.76079693311277, -96.74865217599717 32.76128390532704, -96.74920769463368 32.76181946073279, -96.74969841738363 32.76239844246335, -96.75011961745933 32.76301527552775, -96.75046723725563 32.76366402034524, -96.75073792828955 32.76433842942108, -96.75092908208416 32.765032008332575, -96.75103885594437 32.7657380779024, -96.75106619077158 32.76644983850859, -96.7510108213369 32.767160435560506, -96.75087327891164 32.76786302551019, -96.75065488622633 32.76855084176361, -96.75035774480438 32.76921725985721, -96.74998471475199 32.76985586129475, -96.74953938660309 32.770460495814106, -96.7490260488885 32.77102533929227, -96.74844964481925 32.7715449511741, -96.7478157253531 32.77201432648292, -96.74713039574095 32.77242894405323, -96.74640025671974 32.77278481010359, -96.74563234091934 32.77307849672922, -96.74483404509643 32.7733071749423, -96.74401305884926 32.77346864194068, -96.74317729050227 32.77356134234147, -96.74233479087624 32.7735843831744, -96.74149367568084 32.773537542489834, -96.74066204727991 32.77342127149837, -96.73984791658583 32.77323669022122, -96.73905912583771 32.772985576693436, -96.73830327301069 32.77267034982455, -96.73758763858581 32.77229404608205, -96.73691911538879 32.77186029022301, -96.73630414217477 32.77137326035724, -96.73574864159981 32.77083764767874, -96.73525796317772 32.7702586112551, -96.73483683177119 32.76964172831121, -96.73448930211349 32.76899294048712, -96.73421871979723 32.76831849658933, -96.73402768910479 32.7676248923872, -96.73391804798814 32.766918808035676, -96.73389085043671 32.76620704372784))",POINT (-96.7424785098629 32.766328737057805)
HIDDEN RIDGE STATION,1053,1209,156,425,425,0,"POLYGON ((-96.9465674262224 32.882007732900504, -96.94662129846742 32.88129705686588, -96.9467574640843 32.88059425834777, -96.94697460983848 32.879906105414975, -96.94727064277218 32.879239224943, -96.94764271042716 32.878600038809324, -96.94808722837288 32.87799470206828, -96.94859991477342 32.87742904369974, -96.94917583165774 32.876908510501494, -96.94980943249507 32.8764381146644, -96.95049461561632 32.87602238553395, -96.95122478296666 32.875665326022116, -96.9519929036241 32.87537037408704, -96.95279158147311 32.875140369651554, -96.95361312638306 32.87497752727705, -96.9544496282079 32.874883414855596, -96.95529303289683 32.874858938524454, -96.95613521998538 32.87490433394772, -96.9569680807239 32.875019164049135, -96.9577835960932 32.87520232321699, -96.95857391395994 32.875452047941856, -96.9593314246305 32.87576593378406, -96.96004883407893 32.876140958508884, -96.96071923414571 32.87657351116708, -96.96133616903299 32.877059426841534, -96.96189369745748 32.877594026727145, -96.96238644986298 32.87817216315824, -96.9628096801418 32.878788269151904, -96.96315931136667 32.87943641199067, -96.96343197509177 32.880110350330334, -96.96362504384285 32.88080359428331, -96.96373665648167 32.88150946790048, -96.96376573619825 32.88222117344987, -96.9637120009549 32.88293185687433, -96.96357596627851 32.883634673797566, -96.96335894037169 32.88432285544341, -96.9630630115866 32.884989773832984, -96.96269102837907 32.88562900563165, -96.96224657193434 32.886234394030204, -96.96173392172494 32.88680010806357, -96.96115801433109 32.887320698794824, -96.96052439591881 32.88779115182218, -96.95983916883264 32.88820693560225, -96.95910893281695 32.88856404512303, -96.95834072143244 32.88885904050446, -96.95754193428128 32.88908908015414, -96.95672026569453 32.889251948157415, -96.95588363057102 32.889346075637306, -96.95504008808422 32.88937055587789, -96.954197763994 32.88932515306476, -96.95336477231501 32.88921030455827, -96.95254913709833 32.88902711667735, -96.95175871508299 32.888777354034886, -96.951001119965 32.888463422527686, -96.95028364901555 32.88808834614534, -96.94961321275764 32.8876557378223, -96.9489962683799 32.88716976461485, -96.94843875753035 32.88663510753899, -96.94794604908977 32.88605691645827, -96.94752288747632 32.88544076045571, -96.94717334697852 32.88479257417056, -96.94690079255555 32.8841186006167, -96.94670784748129 32.88342533103493, -96.94659636814112 32.88271944235932, -96.9465674262224 32.882007732900504))",POINT (-96.9551665708502 32.88211475013301)
ILLINOIS TC/STATION,1699,1284,-415,661,661,0,"POLYGON ((-96.79658595439842 32.72319035267312, -96.79664092967646 32.72247973335832, -96.7967780376791 32.72177709076346, -96.79699595610747 32.72108919145354, -96.79729258457407 32.720422659859054, -96.79766506489666 32.71978391449498, -96.79810980868116 32.71917910616816, -96.79862253192621 32.71861405876693, -96.79919829631405 32.71809421320266, -96.79983155678886 32.717624575041704, -96.80051621496374 32.717209666330874, -96.80124567784151 32.71685348207953, -96.80201292128454 32.71655945181556, -96.80281055762299 32.71633040658515, -96.80363090675198 32.71616855171194, -96.80446607003499 32.71607544557837, -96.80530800630385 32.716051984631626, -96.8061486092261 32.71609839475855, -96.80697978529771 32.71621422911264, -96.80779353171248 32.7163983724129, -96.80858201336142 32.7166490516746, -96.80933763822341 32.71696385326797, -96.81005313042323 32.71733974614183, -96.81072160025595 32.71777311098868, -96.81133661050484 32.718259775072134, -96.8118922384156 32.71879505238169, -96.81238313273069 32.71937378872957, -96.81280456523469 32.719990411356804, -96.81315247631402 32.720638982571565, -96.81342351409116 32.72131325690456, -96.81361506675512 32.72200674123251, -96.813725287775 32.72271275729075, -96.81375311375109 32.72342450597453, -96.81369827472955 32.72413513280984, -96.81356129687802 32.72483779396342, -96.81334349749379 32.72552572215714, -96.81304697238954 32.726192291850495, -96.81267457577535 32.72683108306433, -96.81222989282844 32.727435943229914, -96.8117172052122 32.72800104646673, -96.81114144987522 32.728520949717655, -96.81050817152548 32.728990645199495, -96.80982346923682 32.729405608662645, -96.80909393770166 32.72976184299367, -96.80832660369613 32.730055916740014, -96.80752885837032 32.73028499718465, -96.8067083860174 32.730446877650586, -96.80587309000937 32.730539998771874, -96.80503101661493 32.730563463525414, -96.80419027743618 32.73051704587797, -96.80335897121344 32.73040119296514, -96.80254510575455 32.73021702078111, -96.80175652074325 32.72996630342054, -96.80100081217284 32.72965145597738, -96.80028525913544 32.7292755112648, -96.79961675367392 32.728842090582354, -96.79900173437417 32.72835536881224, -96.79844612433835 32.72782003418179, -96.79795527413705 32.72724124308158, -96.79753391029043 32.7266245703747, -96.79718608977362 32.72597595567755, -96.79691516098386 32.725301646130326, -96.79672373154379 32.72460813620965, -96.79661364324893 32.72390210516368, -96.79658595439842 32.72319035267312))",POINT (-96.805169522767 32.72330772574492)
INWOOD/LOVE FIELD STATION,1119,1186,67,634,748,114,"POLYGON ((-96.82477535321453 32.82213331613275, -96.8248301655864 32.82142268939978, -96.82496720484437 32.82072002071039, -96.8251851493442 32.820032076881084, -96.82548189844039 32.81936548277147, -96.8258545927827 32.8187266574992, -96.82629964191057 32.81812175264155, -96.82681275887781 32.817556593017564, -96.82738900157193 32.81703662062055, -96.82802282032924 32.81656684223957, -96.82870811138615 32.81615178127323, -96.82943827565188 32.815795434198535, -96.83020628223679 32.815501232112766, -96.83100473612568 32.81527200771791, -96.83182594934539 32.81510996806425, -96.83266201494395 32.815016673314545, -96.83350488307022 32.81499302173303, -96.83434643842479 32.81503924104302, -96.83517857833866 32.815154886235675, -96.83599329073058 32.815338843851606, -96.83678273119573 32.81558934269399, -96.83753929848525 32.815903970869925, -96.83825570765322 32.816279698997434, -96.838925060168 32.816712909354635, -96.83954091031508 32.81719943069175, -96.84009732725313 32.81773457837171, -96.84058895212586 32.818313199453826, -96.8410110496808 32.81892972228783, -96.84135955389687 32.81957821014163, -96.84163110718016 32.82025241834767, -96.84182309274995 32.82094585441837, -96.84193365989998 32.82165184055301, -96.84196174189024 32.82236357793436, -96.84190706629407 32.82307421219682, -96.84177015769775 32.823776899435614, -96.84155233272423 32.82446487212138, -96.84125568742569 32.825131504285615, -96.84088307716348 32.82577037534814, -96.84043808916701 32.82637533197211, -96.83992500803326 32.826940547349075, -96.83934877449761 32.82746057734318, -96.83871493787183 32.827930412951865, -96.83802960260616 32.828345528577394, -96.83729936949032 32.82870192564222, -96.83653127205979 32.82899617112796, -96.83573270882096 32.82922543066476, -96.83491137194918 32.82938749585189, -96.83407517314839 32.82948080554536, -96.83323216738856 32.829504460906605, -96.83239047525828 32.82945823406711, -96.83155820468279 32.829342570325075, -96.83074337276454 32.82915858385264, -96.82995382850176 32.82890804695567, -96.82919717713213 32.82859337298946, -96.82848070683275 32.82821759309565, -96.8278113184845 32.827784326985494, -96.82719545917891 32.82729774805131, -96.82663906010937 32.82676254314361, -96.82614747944541 32.826183867402314, -96.82572545074055 32.825567294578164, -96.82537703737012 32.8249187633244, -96.82510559343675 32.8242445199764, -96.824913731519 32.82355105837223, -96.82480329757124 32.822845057293854, -96.82477535321453 32.82213331613275))",POINT (-96.8333685363905 32.8222487437817)
IRVING CONVENTION CENTER STATION,1992,1863,-129,1320,1439,119,"POLYGON ((-96.92996694869545 32.87678858566017, -96.93002095095376 32.876077916467054, -96.93015724025582 32.875375135765594, -96.93037450217625 32.87468701145282, -96.93067064263911 32.87402017012829, -96.93104280815113 32.87338103329224, -96.93148741334007 32.87277575552404, -96.93200017553038 32.872210165235444, -96.93257615602184 32.87168970856847, -96.93320980767177 32.87121939697677, -96.93389502832227 32.87080375899458, -96.93462521955766 32.87044679665601, -96.9353933502263 32.87015194698349, -96.93619202411662 32.869922048915086, -96.93701355113629 32.86975931598801, -96.9378500213116 32.8696653150405, -96.9386933808965 32.86964095113642, -96.93953550986075 32.86968645885753, -96.94036830001407 32.86980140004623, -96.94118373301671 32.86998466802131, -96.94197395752802 32.87023449822572, -96.94273136475286 32.87054848520418, -96.94344866166085 32.870923605748224, -96.94411894117563 32.87135624798595, -96.9447357486597 32.87184224613774, -96.94529314405608 32.87237692060422, -96.94578575908908 32.87295512300153, -96.94620884897348 32.873571285711385, -96.94655833813367 32.874219475470156, -96.94683085949166 32.87489345048155, -96.94702378694406 32.87558672050473, -96.94713526071337 32.87629260933925, -96.94716420532704 32.877004319106334, -96.94711034004867 32.87771499570799, -96.9469741816578 32.87841779483332, -96.94675703954891 32.87910594787735, -96.9464610031937 32.87977282713639, -96.94608892208464 32.88041200965236, -96.9456443783504 32.881017339090484, -96.94513165230481 32.88158298505331, -96.94455568125915 32.882103499259365, -96.94392201199305 32.88257386804372, -96.9432367473414 32.88298956067431, -96.94250648741085 32.883346573016915, -96.94173826599291 32.883641466127436, -96.94093948278663 32.88387139939854, -96.94011783208529 32.88403415794019, -96.9392812286156 32.884128173929845, -96.93843773124603 32.884152541725484, -96.93759546530183 32.88410702659586, -96.93676254423731 32.88399206698326, -96.93594699142311 32.88380877027692, -96.93515666280416 32.88355890213804, -96.9343991711764 32.88324486947964, -96.9336818128137 32.88286969726569, -96.93301149715417 32.8824369993537, -96.93239468022433 32.881950943662865, -96.93183730244412 32.88141621200373, -96.93134473141225 32.88083795495802, -96.93092171022302 32.88022174224412, -96.93057231181211 32.879573509047354, -96.93029989977009 32.87889949883321, -96.93010709599938 32.87820620319546, -96.92999575552444 32.877500299318854, -96.92996694869545 32.87678858566017))",POINT (-96.938565566541 32.87689674932231)
KIEST STATION,1215,1431,216,364,364,0,"POLYGON ((-96.79260052121066 32.70700107514009, -96.79265551833916 32.70629045692439, -96.79279263287448 32.7055878180723, -96.79301054245552 32.704899925112706, -96.79330714678072 32.70423340241476, -96.79367958790097 32.7035946684076, -96.79412427780028 32.70298987378842, -96.79463693299668 32.70242484231338, -96.79521261582809 32.701905014740255, -96.79584578202434 32.70143539646189, -96.79653033410652 32.70102050933338, -96.79725968009912 32.70066434815612, -96.79802679698992 32.70037034223562, -96.79882429832747 32.70014132238342, -96.79964450530657 32.69997949367877, -96.80047952065911 32.69988641425202, -96.80132130464087 32.69986298029312, -96.80216175238535 32.699909417429176, -96.80299277188217 32.70002527855349, -96.80380636183232 32.700209448127545, -96.80459468863299 32.70046015291365, -96.80535016175364 32.70077497903645, -96.80606550677986 32.70115089520866, -96.80673383542363 32.70158428189872, -96.80734871182761 32.70207096616007, -96.80790421452633 32.70260626178809, -96.80839499346801 32.70318501441886, -96.80881632154848 32.70380165113669, -96.80916414016001 32.704450234114226, -96.80943509831596 32.70512451776905, -96.80962658497263 32.705818008888144, -96.80973675423536 32.706524029141534, -96.80976454320358 32.707235779384035, -96.80970968228054 32.70794640512654, -96.80957269784557 32.708649062546286, -96.80935490726006 32.709336984400935, -96.80905840625266 32.71000354521086, -96.80868604880204 32.710642325082304, -96.80824141970879 32.711247171555534, -96.80772880011816 32.71181225888169, -96.8071531263239 32.71233214415665, -96.80651994224888 32.71280181977016, -96.80583534605911 32.713216761663666, -96.80510593142512 32.7135729729313, -96.804338723997 32.713867022342534, -96.80354111370545 32.71409607741455, -96.80272078354274 32.714257931714585, -96.80188563551086 32.71435102612869, -96.80104371445282 32.714374463890934, -96.80020313050288 32.714328019228134, -96.7993719809057 32.71421213953611, -96.79855827196002 32.71402794106703, -96.79776984184156 32.71377719816896, -96.79701428505126 32.71346232618188, -96.796298879219 32.71308635815561, -96.79563051496947 32.71265291561442, -96.79501562952832 32.712166173651234, -96.79446014470835 32.71163082068809, -96.79396940987425 32.7110520132923, -96.79354815043519 32.7104353264841, -96.793200422361 32.709786700015826, -96.79292957315906 32.709112381141196, -96.79273820968596 32.7084188644267, -96.79262817310259 32.70771282918597, -96.79260052121066 32.70700107514009))",POINT (-96.8011825208769 32.70711872362902)
LAKE HIGHLANDS STATION,2174,1876,-298,796,796,0,"POLYGON ((-96.72186091145323 32.87937023623613, -96.72191658463956 32.87865965936288, -96.72205452858668 32.87795710837223, -96.72227341293875 32.87726934894658, -96.72257112800065 32.87660300416928, -96.72294480512174 32.87596449075668, -96.72339084437968 32.87535995728271, -96.72390494929614 32.87479522499007, -96.72448216824782 32.874275731757194, -96.72511694217299 32.87380647975923, -96.72580315811322 32.87339198732631, -96.7265342080743 32.87303624546111, -96.72730305264044 32.87274267943351, -96.72810228872927 32.87251411582106, -96.7289242208373 32.872352755311475, -96.72976093509112 32.872260151528124, -96.73060437539404 32.8722371960819, -96.7314464209368 32.87228410999277, -96.73227896432935 32.87240044156331, -96.73309398960382 32.87258507072453, -96.73388364934037 32.87283621981261, -96.73464034017614 32.87315147067255, -96.73535677597242 32.873527787925525, -96.7360260579378 32.87396154817574, -96.73664174103354 32.874448574877114, -96.73719789602316 32.87498417852496, -96.73768916656924 32.87556320178649, -96.73811082082791 32.87618006913723, -96.7384587970437 32.876828840526166, -96.73872974270459 32.8775032685539, -96.73892104687896 32.878196858614785, -96.73903086542077 32.87890293142394, -96.73905813879831 32.87961468732846, -96.73900260237168 32.880325271783384, -96.73886478901771 32.88102784136284, -96.73864602407367 32.88171562967008, -96.73834841264579 32.88238201251188, -96.73797481940223 32.883020571709054, -96.73752884104186 32.88362515692819, -96.73701477170285 32.884189944938086, -96.73643756164118 32.884709495719086, -96.73580276957702 32.885178804884504, -96.73511650916583 32.88559335190734, -96.73438539011079 32.88594914368703, -96.733616454483 32.88624275303551, -96.73281710886424 32.88647135171038, -96.73199505296719 32.88663273767658, -96.73115820542237 32.88672535633242, -96.73031462744879 32.886748315495495, -96.72947244514633 32.886701394002934, -96.7286397711606 32.88658504384358, -96.72782462647814 32.88640038580074, -96.72703486310755 32.8861491986482, -96.72627808839427 32.88583390200369, -96.7255615917004 32.88545753300554, -96.7248922741576 32.88502371703809, -96.72427658217184 32.88453663278857, -96.72372044532122 32.88400097197326, -96.72322921924611 32.88342189412183, -96.72280763408135 32.88280497685659, -96.72245974892722 32.88215616214681, -96.72218891279627 32.88148169905661, -96.72199773241094 32.8807880835391, -96.72188804716012 32.880081995857445, -96.72186091145323 32.87937023623613))",POINT (-96.7304595132731 32.87949275871531)
LAKE JUNE STATION,2099,2175,76,574,574,0,"POLYGON ((-96.70085517246834 32.73221675679294, -96.70091091928639 32.73150618045823, -96.70104879868856 32.730803644010294, -96.70126748094641 32.73011591299052, -96.70156485831662 32.72944961020741, -96.70193806540553 32.72881115197131, -96.70238350682173 32.728206686323, -96.70289689184769 32.727642033850124, -96.70347327579535 32.72712263166036, -96.7041071076457 32.72665348105017, -96.70479228351293 32.726239099371305, -96.70552220541828 32.72588347655809, -96.70628984480743 32.7255900367324, -96.70708781020124 32.72536160525511, -96.70790841832957 32.72520038154052, -96.70874376806474 32.72510791789401, -96.70958581644565 32.725085104576685, -96.71042645606222 32.72513216124006, -96.71125759305836 32.72524863481245, -96.7120712250047 32.7254334038583, -96.7128595178945 32.72568468936787, -96.71361488152343 32.72600007187394, -96.71433004253034 32.726376514731605, -96.71499811439742 32.726810393337345, -96.71561266373759 32.72729753000725, -96.71616777223184 32.72783323417949, -96.71665809362109 32.72841234755514, -96.71707890520355 32.72902929374359, -96.71742615334135 32.729678131936026, -96.71769649253758 32.73035261409102, -96.71788731770535 32.73104624508254, -96.71799678931669 32.731752345232024, -96.7180238511864 32.73246411462348, -96.71796824071737 32.73317469858182, -96.71783049150535 32.73387725368539, -96.71761192827574 32.73456501367579, -96.71731465419762 32.7352313546313, -96.71694153069518 32.73586985877459, -96.7164961499477 32.73647437630064, -96.71598280034117 32.737039084628215, -96.71540642520257 32.73755854450316, -96.71477257521236 32.73802775241223, -96.71408735495342 32.73844218880168, -96.71335736411051 32.73879786163472, -96.71258963388713 32.73909134486721, -96.71179155925319 32.73931981147017, -96.71097082767685 32.739481060679495, -96.71013534502977 32.73957353921002, -96.70929315938085 32.73959635622862, -96.70845238341526 32.739549291941614, -96.70762111622892 32.73943279971362, -96.70680736525433 32.73924800169707, -96.70601896907246 32.73899667801515, -96.70526352185705 32.7386812496019, -96.70454830018144 32.7383047548665, -96.70388019289493 32.73787082040607, -96.70326563474573 32.73738362605096, -96.70271054439132 32.736847864579836, -96.70222026739377 32.73626869649362, -96.7017995247489 32.735651700285345, -96.7014523674453 32.735002818686105, -96.7011821374892 32.73432830140542, -96.70099143576947 32.73363464491919, -96.70088209707004 32.73292852988566, -96.70085517246834 32.73221675679294))",POINT (-96.7094394998703 32.73234073215041)
LAS COLINAS URBAN CENTER STATION,3608,3433,-175,2219,2283,64,"POLYGON ((-96.92498376060219 32.86846924073971, -96.92503779776592 32.86775857309682, -96.92517411380132 32.8670557972444, -96.92539139402602 32.866367681032614, -96.92568754418818 32.86570085098293, -96.92605971070154 32.865061728486815, -96.92650430818456 32.864456467985455, -96.9270170540363 32.86389089772415, -96.92759300971413 32.86337046365191, -96.92822662831455 32.862900177004704, -96.92891180799809 32.862484566076425, -96.92964195074366 32.862127632640515, -96.93041002586662 32.861832813441076, -96.93120863769015 32.861602947122634, -96.93203009671954 32.86144024691662, -96.93286649363563 32.86134627934615, -96.93370977539753 32.86132194915377, -96.93455182272415 32.86136749059658, -96.93538452821105 32.86148246519232, -96.9361998743334 32.86166576593818, -96.93699001058685 32.86191562796162, -96.93774732902585 32.8622296455011, -96.93846453747469 32.86260479505392, -96.9391347297086 32.86303746446895, -96.93975145193032 32.86352348770497, -96.9403087649038 32.864058184921156, -96.94080130114702 32.86463640751468, -96.94122431663347 32.86525258767279, -96.941573736504 32.865900791963895, -96.94184619434809 32.866574778451785, -96.94203906467418 32.86726805678511, -96.94215048825517 32.8679739506833, -96.94217939010218 32.868685662218894, -96.94212548989101 32.86939633727668, -96.94198930473804 32.87009913156062, -96.9417721442959 32.870787276512225, -96.94147609821324 32.871454144505606, -96.94110401607662 32.87209331269102, -96.940659480025 32.872698624871624, -96.94014677029858 32.87326425081602, -96.93957082405171 32.87378474243535, -96.93893718782545 32.87425508628215, -96.93825196413658 32.87467075186438, -96.93752175269736 32.87502773530822, -96.93675358683227 32.87532259794789, -96.93595486570527 32.8755524994694, -96.93513328301158 32.875715225288545, -96.9342967528227 32.87580920789786, -96.93345333330107 32.87583354197688, -96.93261114902188 32.87578799311919, -96.93177831265257 32.87567300009192, -96.93096284674765 32.87548967060624, -96.93017260641469 32.87523977063914, -96.92941520359896 32.87492570741031, -96.92869793371871 32.87455050617827, -96.9280277053595 32.87411778108014, -96.92741097370683 32.87363170029703, -96.9268536783592 32.87309694588126, -96.92636118612128 32.87251866863381, -96.92593823932849 32.871902438467714, -96.92558891020009 32.87125419073641, -96.92531656165946 32.870580169045446, -96.92512381499768 32.86988686509901, -96.92501252468949 32.86918095616194, -96.92498376060219 32.86846924073971))",POINT (-96.9335815648505 32.86857774839028)
LAWNVIEW STATION,2337,2662,325,809,809,0,"POLYGON ((-96.71180794472842 32.76548851923412, -96.71186362696719 32.764777939538114, -96.71200147354051 32.76407539246863, -96.7122201550352 32.763387643669674, -96.71251756371441 32.76272131612135, -96.71289083388216 32.76208282637296, -96.71333636953872 32.76147832276925, -96.71384987905829 32.76091362626386, -96.71442641655327 32.76039417438899, -96.71506042952542 32.75992496892005, -96.7157458123444 32.75951052773751, -96.71647596503816 32.75915484134915, -96.71724385682984 32.75886133448934, -96.71804209380973 32.75863283316479, -96.71886299009246 32.75847153746252, -96.71969864177586 32.758379000381254, -96.7205410029915 32.758356112889274, -96.72138196331727 32.758403095352186, -96.72221342580924 32.75851949541274, -96.7230273849043 32.758704192343004, -96.72381600344588 32.75895540782731, -96.7245716880943 32.759270723072426, -96.7252871623976 32.75964710208071, -96.72595553682153 32.76008092086309, -96.72657037506573 32.760568002311324, -96.7271257560294 32.761103656394916, -96.72761633082972 32.761682725296936, -96.72803737432451 32.762299633054695, -96.72838483064253 32.76294843922922, -96.72865535228169 32.76362289608724, -96.72884633239778 32.764316508746184, -96.72895592997003 32.765022597704075, -96.72898308759956 32.765734363152724, -96.7289275417663 32.76644495045521, -96.72878982544275 32.76714751615789, -96.72857126303666 32.76783529390067, -96.72827395770832 32.76850165959115, -96.72790077118205 32.769140195214305, -96.72745529624326 32.7697447506624, -96.7269418221844 32.77030950298947, -96.72636529353034 32.770829012518064, -96.72573126243957 32.771298275257244, -96.72504583523872 32.77171277112561, -96.72431561360538 32.772068507513914, -96.72354763096577 32.772362057766266, -96.7227492847208 32.77259059420838, -96.72192826495485 32.77275191540373, -96.72109248031546 32.7728444673739, -96.72024998178054 32.7728673585784, -96.71940888504923 32.77282036850901, -96.71857729230746 32.77270394981528, -96.71776321412385 32.772519223941224, -96.71697449223139 32.77226797031473, -96.7162187239415 32.77195260919483, -96.71550318892041 32.77157617834216, -96.71483477903578 32.771142303738124, -96.71421993195067 32.770655164636146, -96.71366456910563 32.77011945328233, -96.71317403868719 32.76954032969444, -96.71275306413195 32.768923371936786, -96.71240569866187 32.76827452236973, -96.71213528628778 32.76760003039414, -96.71194442965492 32.766906392242106, -96.71183496503865 32.76620028839529, -96.71180794472842 32.76548851923412))",POINT (-96.7203955042745 32.76561173774732)
LBJ / CENTRAL STATION,1091,967,-124,535,535,0,"POLYGON ((-96.7436401287813 32.91813874334732, -96.74369565172049 32.91742815988503, -96.74383348337625 32.91672558787173, -96.74405229447221 32.91603779319278, -96.74434997601686 32.915371399271585, -96.74472365968046 32.914732823298365, -96.74516974547599 32.91412821445019, -96.7456839364754 32.91356339469625, -96.74626128022514 32.91304380275788, -96.7468962164607 32.912574441761365, -96.74758263065983 32.91215983108699, -96.74831391291889 32.911803962876526, -96.74908302158498 32.91151026361694, -96.7498825510329 32.911281561169034, -96.75070480292896 32.91112005881558, -96.75154186032405 32.91102731054498, -96.75238566382124 32.91100420914111, -96.75322808911747 32.91105097703008, -96.75406102516956 32.911167163921064, -96.75487645223218 32.911351651138716, -96.75566651901997 32.911602662386166, -96.75642361825349 32.911917780836056, -96.75714045986405 32.91229397238446, -96.75781014115455 32.91272761484596, -96.75842621324236 32.91321453280849, -96.75898274314588 32.91375003781405, -96.75947437091736 32.914328973479265, -96.75989636127213 32.91494576512267, -96.76024464921662 32.91559447342163, -96.76051587923467 32.91626885158375, -96.76070743765342 32.91696240548289, -96.76081747787515 32.91766845618185, -96.76084493822948 32.91838020424012, -96.76078955227194 32.919090795187834, -96.7606518514261 32.91979338553623, -96.76043315994163 32.92048120868831, -96.76013558221346 32.92114764011512, -96.75976198258161 32.921786261169665, -96.75931595780334 32.92239092092295, -96.75880180246135 32.92295579542622, -96.75822446763807 32.92347544382722, -96.75758951325406 32.92394486079966, -96.75690305452774 32.924359524778794, -96.7561717030727 32.92471544153842, -96.75540250319946 32.92500918268742, -96.75460286403667 32.92523791871483, -96.75378048812671 32.92539944626342, -96.75294329718523 32.92549220936862, -96.75209935574203 32.92551531445741, -96.75125679340137 32.92546853896206, -96.7504237264729 32.92535233346572, -96.74960817980052 32.925167818094714, -96.7488180092645 32.924916770250505, -96.74806082605934 32.92460160742939, -96.74734392348284 32.92422536548028, -96.74667420657708 32.92379166856341, -96.74605812559533 32.92330469421884, -96.74550161386286 32.922769133103905, -96.74501003063098 32.922190143787546, -96.74458810947434 32.921573303039196, -96.74423991272883 32.92092455209086, -96.7439687924073 32.92025013939248, -96.74377735796823 32.9195565604118, -96.74366745124593 32.9188504950602, -96.7436401287813 32.91813874334732))",POINT (-96.7522425215112 32.918259765039785)
LBJ / SKILLMAN STATION,365,495,130,245,245,0,"POLYGON ((-96.70354614542578 32.89780597617081, -96.70360197697443 32.897095408946754, -96.7037400947294 32.89639287968845, -96.7039591666604 32.89570515386878, -96.70425708126551 32.89503885424736, -96.70463096797216 32.89440039710555, -96.70507722483964 32.893795930475434, -96.7055915532942 32.89323127495608, -96.70616899956019 32.89271186768663, -96.70680400238739 32.89224271001467, -96.70749044661365 32.89182831936216, -96.70822172204721 32.89147268575191, -96.70899078710187 32.891179233411556, -96.70979023657287 32.89095078782426, -96.7106123729028 32.89078954854138, -96.71144928025261 32.89069706801919, -96.71229290066688 32.89067423668187, -96.7131351116027 32.89072127435447, -96.71396780407791 32.89083772814789, -96.71478296068943 32.8910224768163, -96.71557273275296 32.89127374154502, -96.71632951582403 32.891589103065506, -96.7170460228756 32.89196552493312, -96.71771535442979 32.89239938274455, -96.71833106496985 32.89288649901393, -96.7188872249943 32.89342218337378, -96.71937847811648 32.89400127771375, -96.71980009265943 32.89461820582447, -96.72014800724907 32.89526702706943, -96.72041886996588 32.89594149356873, -96.7206100706759 32.89663511034586, -96.72071976622853 32.897341197858246, -96.72074689827546 32.89805295631102, -96.7206912035371 32.89876353113445, -96.72055321641412 32.8994660789951, -96.7203342639167 32.90015383370521, -96.720036452957 32.900820171394976, -96.71966265012455 32.90145867432004, -96.71921645413681 32.9020631926889, -96.718702161228 32.90262790391423, -96.71812472380772 32.903147368716084, -96.71748970278628 32.903616583535985, -96.71680321402502 32.904031028755796, -96.71607186942713 32.90438671225571, -96.71530271323678 32.90468020789084, -96.71450315416104 32.90490868851426, -96.71368089396931 32.90506995322818, -96.71284385326067 32.90516244859908, -96.71200009511534 32.90518528363205, -96.71115774736926 32.90513823836011, -96.71032492426207 32.90502176596433, -96.70950964821695 32.90483698840546, -96.70871977250802 32.90458568560842, -96.70796290556275 32.904270278304665, -96.70724633763142 32.903893804698285, -96.70657697053149 32.90345989118094, -96.70596125114574 32.902972717379114, -96.70540510931554 32.902436975871346, -96.70491390072834 32.90185782696407, -96.70449235534974 32.901240848963695, -96.70414453189576 32.90059198442396, -96.70387377878372 32.899917482888505, -96.70368270193546 32.899223840680314, -96.70357313974169 32.898517738319256, -96.70354614542578 32.89780597617081))",POINT (-96.7121465098704 32.89792976323342)
LEDBETTER STATION,1085,1684,599,535,535,0,"POLYGON ((-96.78023982330856 32.683281217132134, -96.78029490456153 32.68257060352158, -96.78043208020168 32.681867977456726, -96.78065002728056 32.68118010534298, -96.78094664513665 32.680513611348445, -96.7813190756916 32.679874913625405, -96.78176373103221 32.679270162521334, -96.78227632801021 32.678705181372926, -96.78285192952492 32.678185410452876, -96.78348499208984 32.67771585460814, -96.78416941922437 32.677301035092306, -96.78489862015643 32.67694494605531, -96.78566557327069 32.67665101610776, -96.78646289369263 32.67642207532944, -96.78728290435882 32.67626032803805, -96.78811770989094 32.676167331579876, -96.78895927256463 32.676143981346016, -96.78979948964366 32.676190502157326, -96.79063027133796 32.67630644610164, -96.79144361863757 32.676490696843004, -96.79223170027537 32.67674148036243, -96.79298692808078 32.67705638202667, -96.7937020300009 32.677432369821304, -96.79437012008806 32.67786582352535, -96.79498476478163 32.67835256954724, -96.7955400448471 32.67888792108791, -96.79603061237648 32.67946672324521, -96.79645174230146 32.68008340262678, -96.79679937792282 32.6807320209945, -96.79707017001653 32.68140633242528, -96.79726150913876 32.68209984343863, -96.79737155081638 32.682805875512926, -96.79739923337844 32.68351762938905, -96.79734428825402 32.68422825054273, -96.79720724263437 32.684930895195166, -96.79698941447135 32.68561879622664, -96.79669289985661 32.68628532835781, -96.79632055290098 32.68692407197074, -96.795875958305 32.68752887495446, -96.79536339688254 32.68809391197862, -96.79478780436791 32.688613740623175, -96.79415472390177 32.689083353822916, -96.79347025265261 32.68949822812008, -96.79274098308781 32.689854367259564, -96.79197393946025 32.690148340705306, -96.79117651012281 32.690377316705934, -96.7903563763245 32.69053908959017, -96.78952143817547 32.6906321010282, -96.78867973849655 32.69065545505332, -96.78783938528902 32.69060892669882, -96.78700847357419 32.69049296416692, -96.78619500735871 32.690308684507855, -96.78540682247959 32.690057862851816, -96.78465151107484 32.689742915297685, -96.78393634841008 32.689366875623385, -96.78326822276738 32.6889333660436, -96.78265356907372 32.68844656229719, -96.7820983069095 32.687911153401515, -96.78160778349476 32.68733229646288, -96.7811867222025 32.68671556697886, -96.78083917709445 32.68606690511294, -96.78056849391623 32.68539255845983, -96.78037727792615 32.68469902185364, -96.78026736886541 32.683992974799466, -96.78023982330856 32.683281217132134))",POINT (-96.788819516937 32.6833997195476)
LOVERS LANE STATION,1668,1906,238,1228,1253,25,"POLYGON ((-96.763169865174 32.848487068491345, -96.76322518791308 32.84777647098315, -96.76336275643918 32.84707387221484, -96.76358124401061 32.8463860383287, -96.76387854475195 32.845719593124834, -96.76425179400091 32.84508095428644, -96.76469739595406 32.84447627159493, -96.76521105834271 32.843911367729675, -96.76578783380366 32.84339168222099, -96.7664221675446 32.84292221909534, -96.76710795084486 32.842507498715726, -96.76783857987563 32.84215151427972, -96.76860701927399 32.84185769339302, -96.76940586985897 32.84162886508738, -96.77022743983946 32.841467232599456, -96.7710638188297 32.841374352171826, -96.77190695396216 32.84135111807971, -96.77274872736741 32.841397754026616, -96.7735810342773 32.84151381099223, -96.77439586100276 32.84169817155246, -96.77518536203766 32.84194906063048, -96.77594193554923 32.84226406257578, -96.77665829653044 32.842640144407035, -96.77732754691222 32.84307368499614, -96.77794324196168 32.843560509912926, -96.77849945232889 32.84409593159639, -96.77899082114452 32.84467479446655, -96.77941261561952 32.845291524543974, -96.77976077264891 32.84594018309991, -96.78003193797998 32.84661452382189, -96.78022349856573 32.847308052945195, -96.78033360779071 32.848014091771894, -96.78036120332325 32.848725840976314, -96.78030601742014 32.849436446077995, -96.78016857958139 32.850139063451984, -96.77995021152643 32.85082692624106, -96.77965301453777 32.851493409534335, -96.7792798492905 32.85213209418494, -96.77883430835993 32.852736828650805, -96.77832068166968 32.85330178826299, -96.77774391521112 32.853821531348835, -96.77710956343056 32.854291051669215, -96.77642373574194 32.85470582666316, -96.77569303767986 32.855061861034315, -96.77492450726011 32.85535572525799, -96.77412554716153 32.85558458863702, -96.77330385338384 32.85574624658688, -96.77246734107018 32.855839141886534, -96.77162406821166 32.855862379689235, -96.77078215797047 32.85581573614888, -96.76994972037323 32.855699660577535, -96.76913477413129 32.85551527111437, -96.76834516934373 32.855264343946935, -96.76758851183045 32.854949296189474, -96.76687208982666 32.85457316258384, -96.7662028037465 32.854139566247795, -96.76558709969463 32.85365268375385, -96.76503090736705 32.85311720487566, -96.76453958293982 32.85253828739116, -96.7641178574961 32.8519215073786, -96.76376979148809 32.851272805485706, -96.76349873567062 32.85059842969033, -96.76330729888208 32.84990487510508, -96.7631973229805 32.84919882140634, -96.763169865174 32.848487068491345))",POINT (-96.7717655226673 32.8486067515637)
MARKET CENTER STATION,0,0,0,0,0,0,"POLYGON ((-96.8151290687125 32.80452464752422, -96.81518394752236 32.80381402397185, -96.81532103601843 32.80311136484661, -96.81553901208319 32.80242343687261, -96.81583577476803 32.80175686475655, -96.81620846459265 32.801118067404026, -96.81665349114078 32.80051319612313, -96.81716656768435 32.79994807540927, -96.81774275250072 32.79942814688076, -96.81837649648403 32.79895841690395, -96.81906169659106 32.79854340841109, -96.81979175460702 32.798187117373644, -96.82055964066545 32.797892974349075, -96.82135796091158 32.79766381147054, -96.822179028659 32.79750183519584, -96.82301493835608 32.79740860507741, -96.82385764165247 32.79738501875716, -96.82469902483541 32.797431303329965, -96.82553098689314 32.797547013158685, -96.82634551745647 32.797731034161735, -96.82713477387074 32.797981594531976, -96.82789115665884 32.798296281784324, -96.82860738265084 32.798672065968084, -96.82927655507861 32.79910532882185, -96.82989222996139 32.79959189859048, -96.83044847814526 32.80012709017074, -96.83093994239891 32.8007057501994, -96.83136188901669 32.801322306651265, -96.83171025343108 32.801970822470615, -96.83198167939489 32.80264505272066, -96.83217355135389 32.80333850470151, -96.83228401969649 32.8040445004592, -96.83231201863502 32.80475624108378, -96.8322572765433 32.80546687217827, -96.83212031864886 32.806169549868166, -96.83190246205034 32.8068575067159, -96.83160580310526 32.80752411690521, -96.8312331973073 32.80816296006734, -96.8307882318436 32.80876788313377, -96.83027519109483 32.80933305961904, -96.82969901540802 32.80985304576152, -96.8290652535382 32.81032283298079, -96.82838000921596 32.810737896144836, -96.82764988235527 32.81109423718122, -96.82688190546824 32.81138842361098, -96.8260834759001 32.81161762163296, -96.82526228453851 32.81177962343885, -96.82442624168547 32.81187286849504, -96.82358340080846 32.81189645858555, -96.82274188090737 32.81185016647064, -96.82190978824798 32.811734438077266, -96.82109513821844 32.81155038820047, -96.82030577806441 32.811299789757, -96.81954931124967 32.81098505669505, -96.81883302417319 32.81060922072574, -96.81816381595067 32.810175902100596, -96.81754813193831 32.80968927471798, -96.81699190164095 32.80915402589525, -96.81650048160249 32.808575311195405, -96.81607860382945 32.80795870474462, -96.81573033024368 32.807310145520056, -96.81545901360188 32.80663588012656, -96.81526726525706 32.805942402614505, -96.8151569300704 32.805236391919074, -96.8151290687125 32.80452464752422))",POINT (-96.8237205324517 32.804640740992795)
MLK STATION,1387,1665,278,798,798,0,"POLYGON ((-96.75599512265606 32.77364256066459, -96.75605045619898 32.77293196172395, -96.75618796546924 32.772229366301445, -96.75640632429904 32.77154154050668, -96.75670342805584 32.77087510806127, -96.75707641397717 32.77023648652477, -96.75752168879778 32.76963182551113, -96.75803496340122 32.76906694748999, -96.75861129415996 32.7685472917418, -96.75924513056493 32.76807786200542, -96.75993036868488 32.7676631783213, -96.7606604099406 32.767307233532726, -96.7614282246283 32.767013454862756, -96.76222641958131 32.76678467093592, -96.76304730932014 32.76662308456093, -96.76388299000722 32.766530251536004, -96.76472541549691 32.766507065679605, -96.7655664747507 32.76655375023078, -96.76639806987477 32.76666985570145, -96.76721219403164 32.76685426420072, -96.76800100847828 32.76710520019071, -96.76875691799145 32.767420247569866, -96.76947264395656 32.76779637292016, -96.77014129441831 32.76822995469536, -96.77075643042028 32.768716818069585, -96.77131212799596 32.7692522751125, -96.77180303521466 32.769831169904556, -96.77222442373358 32.770447928159804, -96.77257223435876 32.77109661087887, -96.77284311617557 32.77177097151736, -96.77303445886989 32.77246451611919, -96.77314441792754 32.77317056583771, -96.77317193246625 32.77388232124254, -96.77311673552613 32.774592927793414, -96.77297935671683 32.77529554185123, -96.77276111719259 32.77598339659023, -96.77246411700112 32.776649867176495, -96.77209121492491 32.77728853458471, -96.7716460010071 32.77789324743813, -96.77113276202368 32.77845818127493, -96.77055644023335 32.77897789466968, -96.76992258580047 32.779447381668234, -96.76923730334914 32.77986212002956, -96.7685071931622 32.78021811480919, -96.76773928759239 32.78051193686289, -96.76694098329895 32.780740755898954, -96.76611996996327 32.7809023677594, -96.7652841561727 32.78099521566671, -96.7644415931879 32.7810184052304, -96.7636003973313 32.78097171306896, -96.76276867174629 32.78085558896299, -96.76195442828386 32.7806711515195, -96.76116551027188 32.780420177388656, -96.76040951691358 32.780105084137794, -96.75969373004568 32.7797289069477, -96.75902504396392 32.77929526935686, -96.75840989899355 32.77880834833603, -96.75785421944576 32.77827283403097, -96.75736335655846 32.77769388456169, -96.75694203697076 32.77707707631542, -96.75659431722767 32.77642835021259, -96.75632354475128 32.775753954464875, -96.75613232565381 32.77506038437758, -96.75602249969968 32.7743543197767, -96.75599512265606 32.77364256066459))",POINT (-96.7645835159513 32.7737627375342)
MORRELL STATION,1305,1454,149,675,675,0,"POLYGON ((-96.79402635836226 32.73974817942832, -96.79408136435687 32.73903756198448, -96.79421851815177 32.73833492294143, -96.79443649700637 32.73764702882996, -96.79473319995067 32.73698050403059, -96.79510576808467 32.736341766992986, -96.79555061216826 32.73573696844395, -96.79606344723386 32.735171932177835, -96.79663933388676 32.73465209899896, -96.79727272589369 32.7341824743546, -96.79795752360123 32.73376758016164, -96.79868713266876 32.733411411289865, -96.79945452755119 32.73311739711925, -96.80025231912079 32.73288836854112, -96.8010728257784 32.732726530719006, -96.80190814737108 32.732633441871215, -96.8027502412068 32.732609998278576, -96.80359099943641 32.73265642566088, -96.80442232706088 32.73277227700539, -96.80523621981511 32.73295643686751, -96.80602484118147 32.733207132102926, -96.8067805977937 32.733521948927915, -96.80749621250811 32.7338978561444, -96.8081647944402 32.73433123430668, -96.80877990529368 32.73481791054986, -96.80933562134538 32.73535319874614, -96.80982659048873 32.735931944602676, -96.81024808378731 32.736548575268685, -96.8105960410416 32.73719715297471, -96.81086710992888 32.73787143218883, -96.81105867833787 32.738564919740455, -96.81116889958533 32.73927093733385, -96.81119671026862 32.73998268584938, -96.81114184058046 32.74069331081449, -96.81100481698307 32.74139596841406, -96.81078695721368 32.742083891404135, -96.81049035766587 32.74275045429441, -96.8101178732662 32.7433892371714, -96.8096730900369 32.743994087546746, -96.80916029060694 32.74455917963447, -96.80858441300158 32.74507907048498, -96.80795100310641 32.745548752434736, -96.80726616126229 32.74596370136466, -96.80653648350597 32.74631992030147, -96.80576899802222 32.74661397794115, -96.80497109742052 32.746843041721974, -96.80415046749008 32.74700490512751, -96.8033150131211 32.747098008956364, -96.80247278210821 32.74712145635197, -96.80163188757216 32.74707502144837, -96.80080042975015 32.74695915154734, -96.7999864179107 32.746774962806604, -96.79919769314787 32.74652422948029, -96.79844185280133 32.7462093668159, -96.79772617723262 32.7458334077731, -96.79705755966492 32.74539997378925, -96.79644243976387 32.74491323987443, -96.79588674160041 32.74437789437276, -96.79539581659365 32.743799093779245, -96.79497439198387 32.74318241304822, -96.79462652533088 32.74253379187309, -96.79435556547573 32.74185947745631, -96.79416412033957 32.74116596432122, -96.79405403186838 32.74045993174676, -96.79402635836226 32.73974817942832))",POINT (-96.8026115229864 32.739865729114705)
NORTH CARROLLTON/FRANKFORD STATION,2089,1796,-293,711,711,0,"POLYGON ((-96.92815080658836 32.99150847969087, -96.92820489346411 32.99079782147311, -96.92834137393028 32.99009505285784, -96.92855893171566 32.989406941626065, -96.92885546989048 32.98874011425217, -96.92922813112747 32.98810099210302, -96.9296733252772 32.987495729617685, -96.93018676398985 32.98693015506214, -96.93076350204866 32.9864097144283, -96.93139798501487 32.98593941901699, -96.93208410272531 32.985523797208096, -96.93281524812676 32.98516685088145, -96.93358438088113 32.98487201690661, -96.93438409512962 32.98464213407164, -96.93520669076477 32.98447941576801, -96.93604424752627 32.98438542869383, -96.93688870120857 32.9843610777798, -96.93773192124982 32.98440659748267, -96.93856578895722 32.98452154952931, -96.93938227561841 32.9847048271335, -96.94017351974989 32.98495466564468, -96.94093190274083 32.985268659526646, -96.94165012216686 32.98564378550323, -96.94232126206943 32.986076431648854, -96.94293885952634 32.98656243214475, -96.94349696687303 32.98709710736754, -96.94399020897663 32.98767530892453, -96.94441383501116 32.98829146920405, -96.94476376423496 32.98893965496451, -96.94503662532857 32.98961362444703, -96.94522978891264 32.990306887462985, -96.9453413929309 32.991012767878715, -96.94537036065152 32.99172446789615, -96.94531641111033 32.99243513351097, -96.94518006189331 32.993137920518336, -96.94496262422783 32.99382606043039, -96.94466619042751 32.99449292567064, -96.94429361380857 32.99513209341702, -96.94384848126863 32.995737407478124, -96.94333507878986 32.99630303760607, -96.9427583501966 32.996823535673215, -96.94212384956381 32.99729388817164, -96.94143768773364 32.99770956452763, -96.94070647345474 32.998066560765174, -96.93993724971214 32.99836143809664, -96.93913742586132 32.99859135606776, -96.9383147062216 32.99875409993686, -96.93747701581881 32.99884810202334, -96.93663242399423 32.99887245681959, -96.93578906661838 32.99882692971966, -96.93495506766185 32.998711959280925, -96.93413846088075 32.99852865299644, -96.93334711237478 32.9982787766189, -96.93258864476577 32.997964737139725, -96.93187036372998 32.997589559587354, -96.9311991875935 32.99715685786938, -96.93058158067105 32.99667079994014, -96.93002349099093 32.996136067630246, -96.92953029300709 32.995557811526155, -96.92910673585 32.99494160133571, -96.9287568976144 32.99429337221864, -96.92848414612315 32.993619367599955, -96.92829110654364 32.99292607901855, -96.92817963616666 32.99222018359052, -96.92815080658836 32.99150847969087))",POINT (-96.9367605731104 32.9916167711131)
PARK LANE STATION,1796,1903,107,1340,1340,0,"POLYGON ((-96.7573085527793 32.87239866751801, -96.75736393746912 32.87168807437423, -96.7575015896165 32.87098548382881, -96.75772018167345 32.870297661944804, -96.75801760675752 32.86963123240688, -96.75839099900824 32.86899261274746, -96.75883676124454 32.86838795256345, -96.75935059965386 32.867823074317705, -96.7599275651777 32.867303417294124, -96.76056210119353 32.86683398524513, -96.761248097033 32.86641929823475, -96.76197894682106 32.86606334913957, -96.76274761306944 32.865769565225214, -96.76354669441334 32.86554077516768, -96.76436849684033 32.865379181835586, -96.76520510772711 32.8652863410946, -96.766048471974 32.86526314683787, -96.76689046950608 32.86530982238549, -96.76772299339783 32.86542591833576, -96.76853802787143 32.865610316889104, -96.76932772542085 32.86586124260273, -96.77008448232147 32.866176279473216, -96.77080101180057 32.86655239418264, -96.7714704141666 32.86698596528606, -96.77208624322313 32.86747281805911, -96.77264256832942 32.868008264672234, -96.77313403151082 32.86858714930507, -96.77355589906892 32.86920389776821, -96.77390410719426 32.869852571155505, -96.77417530114104 32.870526923011404, -96.77436686758581 32.87122045946369, -96.77447695985555 32.87192650174359, -96.77450451578085 32.872638250492024, -96.77444926799879 32.873348851232805, -96.77431174660431 32.87405146038293, -96.7740932741206 32.874739311164376, -96.77379595283503 32.87540577878202, -96.77342264461907 32.876044444240044, -96.77297694342447 32.87664915618145, -96.77246314071796 32.87721409015444, -96.77188618418597 32.87773380473356, -96.77125163010551 32.878203293954535, -96.77056558983911 32.878618035556244, -96.76983467096919 32.878974034564195, -96.76906591363876 32.879267861794645, -96.7682667227128 32.879496686907, -96.76744479641498 32.87965830568548, -96.76660805212887 32.87975116128653, -96.76576455008063 32.879774359245914, -96.76492241564077 32.87972767610135, -96.76408976099613 32.87961156154637, -96.76327460694927 32.879427134095565, -96.76248480560136 32.879176170302195, -96.76172796466595 32.87886108763316, -96.76101137414516 32.87848492116631, -96.76034193607634 32.87805129433564, -96.75972609802797 32.87756438400705, -96.7591697909863 32.87702888022196, -96.75867837223181 32.87644994099779, -96.75825657375557 32.87583314262191, -96.75790845671234 32.87518442591848, -96.75763737234759 32.87451003900776, -96.75744592977365 32.87381647710911, -96.75733597090323 32.87311041996914, -96.7573085527793 32.87239866751801))",POINT (-96.7659065226532 32.872518755913696)
PARKER ROAD STATION,1551,1725,174,772,772,0,"POLYGON ((-96.69212999732915 33.033335215206684, -96.69218600573028 33.032624665597595, -96.69232442530259 33.03192216134305, -96.69254392110207 33.03123446767506, -96.69284237753838 33.03056820704378, -96.69321691881548 33.029929795355784, -96.6936639366845 33.029325380206366, -96.69417912523986 33.028760781700086, -96.69475752242117 33.02824143642867, -96.6953935578203 33.02777234514429, -96.6960811063323 33.02735802463145, -96.69681354713342 33.02700246423944, -96.69758382741847 33.026709087492755, -96.69838453028467 33.02648071914828, -96.69920794611005 33.02631955801526, -96.70004614674023 33.02622715579872, -96.7008910617723 33.02620440216999, -96.70173455620298 33.02625151620647, -96.70256850869683 33.02636804428423, -96.70338488972315 33.02655286444212, -96.70417583881213 33.026804197176695, -96.70493374018935 33.02711962256385, -96.70565129606213 33.027496103542894, -96.70632159685478 33.02793001513992, -96.7069381877178 33.02841717934957, -96.70749513067179 33.02895290534085, -96.70798706178863 33.02953203460063, -96.70840924285899 33.030148990581296, -96.70875760704877 33.03079783237601, -96.70902879810312 33.03147231190511, -96.7092202027198 33.032165934064906, -96.70932997577745 33.03287201925957, -96.709357058174 33.03358376771535, -96.70930118710035 33.034294324957926, -96.70916289864793 33.034996847822725, -96.70894352272192 33.035684570362534, -96.708645170306 33.03635086901771, -96.70827071319873 33.03698932642039, -96.70782375641441 33.03759379321853, -96.70730860351117 33.03815844732273, -96.70673021517928 33.03867785000465, -96.70609416148683 33.0391469983059, -96.70540656824173 33.03956137325079, -96.70467405798682 33.03991698339829, -96.70390368619637 33.04021040331183, -96.70310287328964 33.04043880657559, -96.70227933311742 33.040599993038455, -96.70144099861263 33.040692410021954, -96.70059594532296 33.04071516728734, -96.69975231356482 33.040668045617345, -96.69891822995105 33.040551498929325, -96.69810172905126 33.04036664989961, -96.69731067594189 33.04011527914115, -96.69655269039482 33.0397998080393, -96.69583507343737 33.03942327541154, -96.6951647369926 33.0389893082166, -96.69454813728017 33.03850208659645, -96.69399121261951 33.03796630358831, -96.69349932623577 33.037387119896465, -96.69307721461917 33.036770114160305, -96.69272894193482 33.03612122919877, -96.69245786092097 33.035446714750336, -96.69226658065115 33.0347530672607, -96.69215694146808 33.034046967299076, -96.69212999732915 33.033335215206684))",POINT (-96.7007435156492 33.033459788898995)
PEARL/ARTS DISTRICT STATION,2629,2923,294,2172,2172,0,"POLYGON ((-96.7857278453532 32.78650561481363, -96.78578294864089 32.785795003292215, -96.78592024226096 32.785092375635585, -96.78613840212152 32.78440449826432, -96.7864353255052 32.7837379953972, -96.78680815138537 32.78309928527251, -96.7872532880369 32.7824945183577, -96.78776644767265 32.78192951814274, -96.7883426877711 32.78140972508507, -96.78897645869513 32.78094014424617, -96.78966165714306 32.78052529712179, -96.79039168491686 32.780169178129235, -96.7911595124419 32.77987521616913, -96.79195774642741 32.77964624163107, -96.79277870101777 32.77948445915915, -96.79361447175087 32.77939142643974, -96.79445701161417 32.779368039214084, -96.79529820846815 32.779414522660126, -96.79612996309453 32.77953042922593, -96.79694426712067 32.77971464293575, -96.79773328007236 32.77996539012712, -96.79848940481578 32.78028025651622, -96.79920536066484 32.7806562104277, -96.79987425345158 32.78108963196595, -96.80048964188711 32.78157634784802, -96.80104559957496 32.78211167156379, -96.8015367720805 32.782690448477624, -96.80195842850692 32.783307105438766, -96.8023065070809 32.783955704423505, -96.80257765430771 32.78462999969394, -96.80276925731746 32.785323497923905, -96.80287946908898 32.78602952071359, -96.80290722630592 32.7867412688924, -96.8028522596708 32.787451887990116, -96.80271509657459 32.78815453424732, -96.80249705609319 32.7888424405286, -96.80220023635631 32.78950898150415, -96.80182749440748 32.79014773747132, -96.80138241874641 32.79075255620083, -96.80086929481638 32.79131761221159, -96.80029306376679 32.791837462901896, -96.79965927488702 32.79230710099551, -96.79897403216876 32.79272200279643, -96.79824393551131 32.79307817178614, -96.7974760171365 32.79337217714261, -96.79667767382637 32.79360118680863, -96.79585659563784 32.793762994790114, -96.79502069178284 32.793856042420366, -96.79417801438969 32.79387943338516, -96.79333668088313 32.79383294236283, -96.79250479573288 32.79371701719648, -96.7916903723276 32.793532774576654, -96.7909012557291 32.793281989276785, -96.79014504705432 32.79296707704524, -96.78942903021482 32.79259107131903, -96.78876010172235 32.792157593984996, -96.78814470423796 32.791670820470266, -96.78758876450587 32.7911354394998, -96.78709763627067 32.790556607909444, -96.78667604872787 32.78993990095117, -96.78632806100369 32.78929125857003, -96.78605702310149 32.78861692817163, -96.78586554368991 32.78792340443213, -96.7857554650403 32.78721736673157, -96.7857278453532 32.78650561481363))",POINT (-96.79431752441529 32.786623738479214)
ROYAL LANE STATION,1585,839,-746,451,451,0,"POLYGON ((-96.87951713829423 32.8959491071657, -96.87957155707925 32.89523846159453, -96.87970827620155 32.89453573784493, -96.87992597709626 32.893847703264775, -96.88022256146 32.89318098358884, -96.88059517152512 32.892541999145465, -96.88104021763905 32.891936903046044, -96.8815534128813 32.89137152195265, -96.88212981438268 32.89085129999268, -96.8827638709478 32.89038124635967, -96.88344947652125 32.88996588710386, -96.88418002898237 32.88960922157562, -96.88494849370288 32.88931468393953, -96.88574747125601 32.88908511012928, -96.88656926862689 32.88892271056014, -96.88740597323982 32.888829048860686, -96.88824952909228 32.888805026828564, -96.88909181426486 32.88885087575383, -96.88992471906354 32.888966154193724, -96.89074022404468 32.88914975221979, -96.89153047717417 32.88939990209695, -96.89228786938071 32.88971419529177, -96.89300510777758 32.890089605647, -96.89367528585055 32.89052251849982, -96.89429194993745 32.89100876546445, -96.89484916136044 32.891543664545075, -96.89534155361362 32.89212206519433, -96.89576438405516 32.89273839788417, -96.89611357960591 32.89338672771329, -96.89638577601352 32.89406081153582, -96.8965783503022 32.894754158062156, -96.896689446094 32.89546009035426, -96.89671799155518 32.89617181011404, -96.89666370979236 32.89688246314639, -96.8965271215955 32.89758520536673, -96.89630954049811 32.89827326871736, -96.89601306019978 32.89894002635782, -96.89564053446902 32.89957905650089, -96.89519554971747 32.900184204278936, -96.89468239050748 32.9007496410439, -96.89410599832355 32.901269920528954, -96.89347192400302 32.90174003132991, -96.8927862742836 32.90215544519959, -96.89205565298249 32.90251216068885, -96.89128709737345 32.902806741713135, -96.89048801037602 32.90303635067136, -96.88966608921095 32.90319877579757, -96.88882925121132 32.90329245248101, -96.88798555750557 32.90331647834824, -96.8871431353108 32.90327062196179, -96.88631009958665 32.90315532505116, -96.88549447480821 32.902971698254625, -96.8847041176133 32.902721510412924, -96.8839466410724 32.9024071715184, -96.88322934131317 32.90203170948455, -96.88255912720794 32.90159874096014, -96.88194245380357 32.90111243647047, -96.88138526013601 32.90057748022189, -96.8808929120288 32.899999024958774, -96.88047015042726 32.899382642307906, -96.88012104576505 32.89873426909058, -96.87984895880173 32.89806015012006, -96.87965650830722 32.89736677803668, -96.87954554590213 32.89666083076059, -96.87951713829423 32.8959491071657))",POINT (-96.8881175541115 32.896060755638075)
SMU/MOCKINGBIRD STATION,550,587,37,209,209,0,"POLYGON ((-96.76635190542787 32.83771428640619, -96.7664071959263 32.837003686730725, -96.76654472250135 32.836301083698615, -96.76676315881569 32.83561324349316, -96.7670603994879 32.83494678997536, -96.76743358043451 32.83430814090836, -96.76787910651004 32.83370344617208, -96.76839268617668 32.83313852856168, -96.76896937286787 32.83261882773979, -96.76960361264612 32.832149347880204, -96.77028929769546 32.8317346095069, -96.7710198251331 32.83137860599063, -96.77178816057409 32.83108476512064, -96.77258690583825 32.83085591612107, -96.77340837014832 32.83069426242768, -96.77424464413569 32.830601360487194, -96.77508767594361 32.83057810478188, -96.7759293486972 32.83062471922337, -96.77676155859719 32.830740754998445, -96.77757629288834 32.830925094887064, -96.77836570695435 32.83117596401149, -96.77912219979976 32.831490946913455, -96.77983848719418 32.83186701079511, -96.78050767177709 32.83230053470134, -96.7811233094493 32.832787344362735, -96.78167947141353 32.833322752365355, -96.78217080126679 32.833901603261154, -96.78259256659551 32.83451832318614, -96.78294070457578 32.835166973509466, -96.78321186113872 32.83584130799816, -96.78340342332227 32.83653483294757, -96.78351354449603 32.837240869700125, -96.78354116221378 32.83795261895021, -96.78348600851915 32.838663226216966, -96.78334861260238 32.83936584785469, -96.78313029577967 32.840053716964974, -96.78283315884042 32.84072020857613, -96.78246006188172 32.841358903461064, -96.78201459682144 32.841963649979114, -96.78150105285263 32.84252862334515, -96.78092437516997 32.84304838175389, -96.78029011736477 32.84351791881853, -96.77960438794575 32.84393271181669, -96.77887379150083 32.84428876527853, -96.77810536506684 32.84458264949526, -96.77730651032077 32.84481153357705, -96.77648492224728 32.84497321273996, -96.77564851497102 32.84506612955842, -96.77480534547105 32.845089388978465, -96.77396353591365 32.845042766945674, -96.77313119535539 32.844926712565005, -96.77231634157262 32.84474234377153, -96.77152682377363 32.84449143655377, -96.77077024694032 32.84417640783389, -96.77005389853063 32.84380029217046, -96.76938467824992 32.84336671250858, -96.76876903156916 32.84287984526033, -96.7682128876319 32.84234438005264, -96.76772160214831 32.841765474531975, -96.76729990582689 32.84114870466148, -96.7669518588396 32.84050001099138, -96.76668081175856 32.839825641420475, -96.76648937333846 32.839132091001545, -96.76637938545355 32.83842603937101, -96.76635190542787 32.83771428640619))",POINT (-96.7749465222636 32.83783374947259)
SOUTHWEST MEDICAL DISTRICT/PARKLAND,2405,2681,276,1206,1206,0,"POLYGON ((-96.8246191906 32.813492304057455, -96.82467399888094 32.81278167684481, -96.82481102601842 32.81207900778336, -96.8250289504853 32.81139106369311, -96.82532567182938 32.81072446943614, -96.82569833096791 32.81008564413145, -96.82614333777967 32.8094807393565, -96.82665640572614 32.808915579929476, -96.82723259316703 32.80839560784166, -96.82786635097081 32.80792582987904, -96.82855157596084 32.807510769436085, -96.82928166968253 32.80715442298459, -96.83004960192542 32.806860221615814, -96.83084797838997 32.806630998024694, -96.8316691118484 32.806468959253735, -96.83250509611652 32.80637566545715, -96.83334788212605 32.80635201488997, -96.83418935536808 32.80639823526568, -96.83502141396396 32.80651388156525, -96.83583604661527 32.80669784031868, -96.83662540968473 32.8069483403182, -96.8373819026686 32.80726296965988, -96.83809824133628 32.80763869895061, -96.83876752783495 32.80807191045741, -96.83938331708576 32.80855843291952, -96.83993967883377 32.80909358168915, -96.84043125475426 32.80967220381523, -96.84085331006641 32.81028872763759, -96.84120177915598 32.81093721641467, -96.84147330476775 32.811611425470105, -96.84166527038768 32.81230486230825, -96.84177582550204 32.81301084912099, -96.84180390348713 32.81372258708464, -96.84174923195519 32.814433221828, -96.84161233545377 32.815135909441565, -96.8413945304897 32.8158238823924, -96.84109791292279 32.81649051470936, -96.84072533784764 32.81712938581076, -96.84028039215504 32.81773434235923, -96.83976736003467 32.81829955754694, -96.83919118175005 32.8188195872398, -96.83855740608087 32.81928942243803, -96.83787213689027 32.8197045375477, -96.83714197433153 32.82006093399614, -96.83637395126041 32.82035517877079, -96.83557546546697 32.82058443750855, -96.83475420838042 32.82074650181638, -96.8339180909359 32.820839810558674, -96.83307516731958 32.82086346490595, -96.83223355732854 32.82081723699953, -96.8314013680966 32.82070157214784, -96.8305866159425 32.82051758453383, -96.82979714909587 32.82026704647434, -96.82904057204858 32.81995237133596, -96.82832417226177 32.8195765902717, -96.82765484993703 32.819143323004184, -96.82703905152992 32.81865674293708, -96.82648270764733 32.81812153693181, -96.82599117592737 32.81754286013902, -96.8255691894523 32.81692628631973, -96.82522081119093 32.81627775413679, -96.82494939490807 32.815603509934625, -96.82475755291627 32.81491004755964, -96.8246471309783 32.81420404580123, -96.8246191906 32.813492304057455))",POINT (-96.8332115358828 32.81360774229049)
SPRING VALLEY STATION,1212,1238,26,672,672,0,"POLYGON ((-96.72882695283923 32.940735730316526, -96.72888260871746 32.94002515544064, -96.72902059295863 32.93932260177667, -96.72923957481619 32.938634835033085, -96.72953744365346 32.93796847836425, -96.72991132933662 32.937329948601615, -96.73035762993287 32.93672539447734, -96.7308720464456 32.93616063743376, -96.73144962424972 32.93564111558851, -96.73208480082711 32.9351718313931, -96.73277145934163 32.93475730348849, -96.73350298753759 32.93440152321977, -96.73427234139459 32.93410791622726, -96.73507211292714 32.93387930948365, -96.73589460147716 32.933717904092376, -96.7367318878148 32.9336252541093, -96.73757591033642 32.933602251590365, -96.73841854262845 32.93364911800884, -96.73925167165288 32.933765402124436, -96.74006727580456 32.93394998432483, -96.74085750209125 32.934201087397895, -96.74161474169617 32.934516293631255, -96.74233170319754 32.93489256807506, -96.74300148274257 32.93532628774508, -96.74361763050153 32.935813276485185, -96.7441742127634 32.93634884515545, -96.74466586907583 32.93692783675918, -96.74508786387915 32.937544676076016, -96.74543613213709 32.938193423324265, -96.74570731852353 32.9388678313365, -96.74589880978645 32.939561405699436, -96.74600875997577 32.94026746727908, -96.74603610828927 32.94097921653056, -96.74598058936272 32.941689798973066, -96.7458427359016 32.94239237120032, -96.74562387362671 32.94308016679045, -96.74532610857923 32.94374656148059, -96.74495230690438 32.944385136978056, -96.74450606730657 32.94498974279321, -96.74399168643828 32.94555455549724, -96.74341411755483 32.94607413483351, -96.74277892283146 32.946543476141166, -96.74209221980169 32.94695805858442, -96.74136062243191 32.947313888722334, -96.74059117740084 32.9476075389981, -96.73979129619771 32.947836180775745, -96.73896868369516 32.94799761160545, -96.73813126388654 32.94809027645377, -96.73728710350464 32.94811328269349, -96.73644433426094 32.9480664087084, -96.73561107445644 32.94795010602951, -96.7347953507221 32.94776549498256, -96.73400502064561 32.94751435388822, -96.73324769703238 32.94719910192, -96.73253067453257 32.94682277578529, -96.73186085934307 32.94638900045485, -96.73124470266347 32.945901954223736, -96.73068813854756 32.94536632844123, -96.7301965267504 32.944787282298854, -96.7297746011209 32.9441703931128, -96.72942642403704 32.943521602581306, -96.7291553473212 32.94284715953502, -96.72896398001078 32.94215355973367, -96.72885416329247 32.94144748328879, -96.72882695283923 32.940735730316526))",POINT (-96.7374315187419 32.94085777056089)
ST PAUL STATION,2765,3035,270,2151,2287,136,"POLYGON ((-96.78844406670473 32.78418380247123, -96.78849914678192 32.78347318960713, -96.78863641528429 32.78277055881386, -96.78885454836193 32.78208267654223, -96.78915144355538 32.78141616705826, -96.78952424010961 32.78077744866388, -96.78996934658181 32.78017267190636, -96.7904824754755 32.77960766037028, -96.79105868456513 32.779087854622155, -96.79169242451209 32.77861825984568, -96.79237759231293 32.77820339767075, -96.79310759006465 32.77784726265962, -96.7938753884816 32.77755328386711, -96.79467359455322 32.77732429184481, -96.79549452269248 32.77716249140525, -96.79633026869195 32.777069440407715, -96.79717278577716 32.77704603476947, -96.7980139620278 32.7770924998457, -96.79884569842396 32.77720838826135, -96.7996599867685 32.77739258421545, -96.80044898673817 32.77764331421652, -96.8012051013242 32.777958164146256, -96.8019210499383 32.77833410248785, -96.80258993848224 32.778767509495594, -96.80320532570808 32.779254212026565, -96.8037612852311 32.77978952369918, -96.8042524625991 32.78036828999385, -96.80467412686856 32.78098493786213, -96.80502221619078 32.781633529367944, -96.80529337696765 32.78230781884547, -96.80548499619897 32.78300131302433, -96.80559522670745 32.78370733354382, -96.80562300499642 32.784419081255294, -96.80556806156562 32.785129701693, -96.80543092358256 32.78583235108469, -96.8052129098814 32.786520262264794, -96.80491611833402 32.787186809856415, -96.80454340571241 32.787825574093105, -96.80409836023385 32.78843040266598, -96.80358526705089 32.78899546999916, -96.80300906701677 32.78951533338184, -96.80237530912207 32.78998498541554, -96.80169009705996 32.79039990226999, -96.80096003043435 32.79075608728163, -96.80019214117776 32.79105010947413, -96.79939382579161 32.791279136628035, -96.79857277406379 32.79144096258079, -96.79773689495121 32.79153402849262, -96.79689424034383 32.79155743787312, -96.79605292744682 32.791510965223296, -96.79522106053135 32.79139505820921, -96.79440665281032 32.79121083334661, -96.79361754919458 32.790960065237925, -96.79286135067593 32.79064516946584, -96.79214534106819 32.790269179308936, -96.79147641681351 32.78983571650408, -96.79086102053216 32.789348956338536, -96.79030507895689 32.788813587408704, -96.78981394585018 32.78823476643451, -96.78939235045458 32.78761806856575, -96.78904435197202 32.78696943365994, -96.78877330050969 32.78629510905079, -96.78858180486692 32.785601589358755, -96.78847170747154 32.78489555392494, -96.78844406670473 32.78418380247123))",POINT (-96.7970335244551 32.78430173848197)
TRINITY MILLS RAIL STATION,1798,1585,-213,669,669,0,"POLYGON ((-96.91787486024879 32.98077276842634, -96.91792902310272 32.98006211362803, -96.91806556863123 32.97935935523344, -96.91828317993713 32.97867126092499, -96.91857975957585 32.978004457013796, -96.91895244982139 32.97736536464057, -96.91939766024552 32.97676013795741, -96.91991110234238 32.97619460488533, -96.920487830863 32.9756742110165, -96.92112229146092 32.97520396720128, -96.92180837418873 32.974788401322485, -96.92253947233034 32.97443151472129, -96.92330854600289 32.97413674369192, -96.92410818991651 32.97390692641635, -96.92493070464106 32.97374427565464, -96.92576817069504 32.97365035745451, -96.9266125247462 32.973626076083555, -96.92745563719174 32.97367166532888, -96.92828939037447 32.97378668624781, -96.92910575668444 32.97397003139109, -96.92989687579653 32.974219935457896, -96.93065513030336 32.9745339922809, -96.93137321901727 32.974909177977985, -96.93204422723802 32.97534188004865, -96.93266169331106 32.97582793213573, -96.93321967083669 32.97636265411913, -96.93371278593197 32.97694089715591, -96.93413628899391 32.97755709323511, -96.93448610046498 32.97820530877031, -96.93475885015977 32.978879301715935, -96.93495190977191 32.97957258165736, -96.93506341824677 32.980278472297805, -96.9350922997729 32.98099017574066, -96.9350382742168 32.98170083794845, -96.93490185989697 32.98240361474895, -96.93468436866836 32.98309173775242, -96.93438789336102 32.98375857954497, -96.9340152876916 32.98439771753014, -96.93357013883804 32.985002995803, -96.93305673294014 32.98556858445997, -96.93248001385574 32.986089035772764, -96.93184553556867 32.98655933668353, -96.93115940870612 32.98697495711525, -96.93042824168029 32.98733189363038, -96.92965907702117 32.98762670801642, -96.92885932351518 32.98785656042533, -96.92803668480414 32.98801923674687, -96.92719908513416 32.98811316995101, -96.92635459297233 32.988137455193645, -96.925511343229 32.98809185853883, -96.92467745883758 32.98797681921394, -96.92386097245031 32.98779344537569, -96.92306974900683 32.98754350342753, -96.92231140992389 32.98722940099261, -96.9215932596394 32.9868541637058, -96.92092221521969 32.98642140605025, -96.92030473971045 32.98593529651919, -96.91974677987396 32.98540051744027, -96.9192537089134 32.98482221985053, -96.91883027473574 32.98420597385744, -96.91848055425123 32.983557714965514, -96.91820791414878 32.98288368688658, -96.91801497852315 32.98219038138533, -96.91790360366429 32.98148447574084, -96.91787486024879 32.98077276842634))",POINT (-96.9264835694348 32.98088176936659)
TYLER VERNON STATION,1707,1650,-57,496,496,0,"POLYGON ((-96.82981296957146 32.73303064847121, -96.82986768520537 32.732320014924085, -96.83000454564223 32.73161733613134, -96.8302222309665 32.73092937900717, -96.83051864303464 32.73026276853931, -96.83089092574725 32.72962392400291, -96.83133549261214 32.72901899716024, -96.83184806133042 32.728453813041384, -96.83242369507118 32.72793381387466, -96.83305685003558 32.727464006705816, -96.8337414288516 32.7270489152094, -96.8344708392853 32.726692536155035, -96.83523805770328 32.72639830094655, -96.836035696676 32.72616904260355, -96.83685607607285 32.7260069685018, -96.83769129696564 32.725913639134575, -96.83853331763142 32.725889953098424, -96.8393740309254 32.72593613844748, -96.84020534228115 32.72605175049934, -96.8410192475904 32.72623567611345, -96.84180791021498 32.726486144400965, -96.84256373639202 32.72680074376343, -96.84327944830875 32.727176445096745, -96.84394815414556 32.72760963093785, -96.84456341441425 32.72809613027392, -96.84511930395392 32.72863125868093, -96.84561046898861 32.72920986340505, -96.84603217869677 32.729826372955, -96.84638037079604 32.73047485072801, -96.8466516907032 32.73114905215503, -96.84684352389057 32.731842484815154, -96.84695402112585 32.73254847094179, -96.84698211634912 32.7332602117189, -96.84692753701317 32.733970852749096, -96.84679080678417 32.734673550063015, -96.84657324057385 32.735361536034794, -96.84627693194822 32.736028184567985, -96.84590473303147 32.73666707492472, -96.84546022709561 32.73727205358182, -96.84494769409801 32.73783729351799, -96.84437206949684 32.73835735035995, -96.84373889673977 32.73882721484542, -96.84305427388252 32.739242361097304, -96.84232479485154 32.739598790241715, -96.84155748591638 32.739893068949875, -96.84075973798511 32.74012236253057, -96.83993923537555 32.74028446225381, -96.83910388175092 32.74037780664175, -96.8382617239349 32.74040149652055, -96.83742087434297 32.74035530368843, -96.83658943277936 32.740239673115354, -96.8357754083562 32.74005571865369, -96.83498664228908 32.73980521230082, -96.83423073231617 32.73949056711804, -96.8335149594704 32.73911481397026, -96.83284621791292 32.73868157231187, -96.83223094850464 32.738195015300576, -96.83167507675765 32.73765982957692, -96.83118395576417 32.737081170097305, -96.8307623146533 32.73646461045733, -96.83041421307121 32.73581608918462, -96.8301430021226 32.73514185251993, -96.82995129214792 32.73444839423829, -96.82984092764453 32.73374239309098, -96.82981296957146 32.73303064847121))",POINT (-96.8383975318716 32.7331457265518)
UNIVERSITY OF DALLAS STATION,2539,2959,420,735,829,94,"POLYGON ((-96.90641766844016 32.848980955934024, -96.90647184262839 32.84827029500757, -96.9066082759348 32.84756753815396, -96.90682565254866 32.84687945303999, -96.90712187729098 32.84621266588729, -96.90749409585835 32.84557359767385, -96.90793872236904 32.84496840231763, -96.90845147394356 32.844402907436226, -96.90902741198508 32.84388255825235, -96.90966098976068 32.843412365184214, -96.91034610582471 32.84299685562423, -96.91107616276908 32.84264003036948, -96.91184413073567 32.84234532512213, -96.9126426150796 32.84211557742927, -96.91346392753358 32.841952999379984, -96.91430016018958 32.84185915632115, -96.91514326158797 32.84183495179632, -96.91598511418385 32.841880618852706, -96.91681761244715 32.84199571779862, -96.9176327408477 32.84217914043403, -96.91842265097684 32.842429120712936, -96.91917973706552 32.842743251735314, -96.9198967091747 32.843118508905974, -96.92056666335458 32.84355127903769, -96.92118314809964 32.844037395119614, -96.92174022646012 32.84457217641709, -96.9222325332128 32.8451504735177, -96.92265532654092 32.84576671789137, -96.92300453372472 32.84641497548806, -96.92327679040194 32.8470890038583, -96.92346947301866 32.847782312247226, -96.92358072415601 32.848488224084775, -96.92360947048647 32.84919994127041, -96.92355543318439 32.849910609634286, -96.92341913068735 32.85061338494449, -96.9232018737791 32.851301498824846, -96.92290575303848 32.851968323948384, -96.92253361877214 32.85260743787784, -96.92208905362213 32.85321268493845, -96.92157633810996 32.853778235525624, -96.92100040944655 32.8542986422759, -96.92036681400445 32.85476889255886, -96.9196816539082 32.85518445678334, -96.91895152825805 32.85554133205149, -96.9181834695524 32.855836080739245, -96.91738487592325 32.85606586363003, -96.9165634398376 32.856228467282186, -96.91572707395461 32.85632232536493, -96.91488383485373 32.85634653375729, -96.9140418453717 32.856300859263506, -96.91320921629905 32.856185741861026, -96.91239396819286 32.856002290459166, -96.91160395406203 32.85575227220944, -96.91084678367233 32.85543809547101, -96.91012975020246 32.855062786596015, -96.90945975996023 32.85462996075852, -96.90884326583705 32.85414378711016, -96.9082862051431 32.85360894859787, -96.90779394242263 32.853030596832795, -96.9073712178003 32.852414302445716, -96.90702210135552 32.85176600140863, -96.90674995396354 32.85109193784046, -96.90655739497848 32.85039860384866, -96.90644627706813 32.8496926769872, -96.90641766844016 32.848980955934024))",POINT (-96.9150135588418 32.849090745446894)
UNT DALLAS STATION,2923,2240,-683,988,988,0,"POLYGON ((-96.79252163867852 32.653945058580256, -96.79257660362828 32.65323443861899, -96.79271363699024 32.65253179810131, -96.7929314171873 32.651843903571844, -96.79322784516597 32.651177379414555, -96.7936000646772 32.65053864407215, -96.7940444898407 32.64993384825418, -96.7945568397251 32.64936881572766, -96.79513217960927 32.64884898725984, -96.79576496852592 32.64837936825143, -96.79644911262925 32.647964480563964, -96.79717802387206 32.64760831900346, -96.79794468342787 32.64731431287853, -96.79874170924802 32.647085293002164, -96.79956142710495 32.64692346445343, -96.80039594443892 32.64683038536084, -96.80123722629966 32.646806951910996, -96.802077172654 32.64685338972598, -96.80290769631787 32.64696925169274, -96.80372080076519 32.64715342226475, -96.80450865706675 32.647404128195184, -96.80526367922138 32.647718955598066, -96.80597859715631 32.648094873174344, -96.80664652669557 32.648528261379596, -96.80726103582482 32.64901494725333, -96.80781620661544 32.64955024457609, -96.80830669221247 32.650128998968334, -96.80872776833752 32.65074563749808, -96.80907537881053 32.651394222321144, -96.8093461746509 32.65206850783785, -96.80953754637999 32.65276200081771, -96.80964764921205 32.653468022913074, -96.80967542088855 32.65417977496124, -96.80962059198167 32.654890402455734, -96.80948368856467 32.65559306155688, -96.80926602722103 32.65628098500585, -96.80896970243668 32.656947547307404, -96.80859756649504 32.657586328552846, -96.8081532020648 32.65819117626871, -96.80764088774345 32.65875626469352, -96.80706555688545 32.659276150911914, -96.80643275011117 32.659745827303844, -96.8057485619527 32.66016076980255, -96.80501958215022 32.6605169814957, -96.804252832165 32.660811031148036, -96.80345569752076 32.661040086273864, -96.80263585662716 32.66120194043953, -96.80180120677217 32.661295034532024, -96.80095978799874 32.661318471788384, -96.80011970560155 32.66127202644016, -96.79928905199267 32.66115614588996, -96.79847582869196 32.66097194639841, -96.7976878691961 32.660721202323764, -96.79693276347187 32.66040632901783, -96.79621778480366 32.66003035954363, -96.79554981970136 32.6595969154401, -96.79493530154596 32.6591101718158, -96.79438014861297 32.65857481710952, -96.79388970707106 32.65799600790601, -96.79346869950567 32.657379319243645, -96.79312117946209 32.65673069089316, -96.79285049244581 32.65605637012697, -96.7926592437534 32.65536285153021, -96.79254927344236 32.65465681443492, -96.79252163867852 32.653945058580256))",POINT (-96.8010985184663 32.6540627129614)
VA MEDICAL CENTER STATION,943,1561,618,367,367,0,"POLYGON ((-96.78441283042618 32.69352850707119, -96.78446788467043 32.69281789197215, -96.78460504314032 32.69211526165545, -96.78482298305228 32.69142738256754, -96.78511960381333 32.6907608789438, -96.78549204731672 32.69012216902944, -96.78593672552414 32.68951740328945, -96.78644935506675 32.68895240520161, -96.78702499852997 32.68843261520198, -96.78765811202314 32.68796303832132, -96.7883425985751 32.68754819601596, -96.78907186684155 32.687192082655415, -96.7898388945588 32.68689812708466, -96.79063629613401 32.68666915963028, -96.79145639372246 32.68650738486684, -96.79229129110912 32.68641436040533, -96.79313294968534 32.686390981906406, -96.7939732657918 32.68643747446315, -96.79480414868523 32.68655339043533, -96.79561759838147 32.68673761375634, -96.79640578262779 32.68698837067112, -96.79716111226588 32.6873032468025, -96.79787631426257 32.68767921038181, -96.79854450170666 32.68811264142114, -96.79915924010024 32.68859936654701, -96.79971460930659 32.68913469916149, -96.80020526055937 32.68971348454452, -96.8006264679839 32.69033014946524, -96.80097417413458 32.6909787558247, -96.80124502910795 32.691653057815394, -96.80143642285432 32.69234656204769, -96.80154651037418 32.693052590065264, -96.8015742295547 32.69376434264814, -96.80151931147182 32.69447496528451, -96.80138228305593 32.695177614181446, -96.80116446209271 32.695865522178394, -96.80086794460402 32.69653206392907, -96.8004955847279 32.69717081972308, -96.80005096728893 32.69777563733223, -96.79953837332059 32.69834069128549, -96.79896273887042 32.698860538999924, -96.7983296074827 32.69933017322682, -96.79764507681625 32.69974507030605, -96.79691573991067 32.700101233763206, -96.79614862166747 32.700395232828086, -96.79535111115827 32.700624235502694, -96.79453089041411 32.700786035858904, -96.79369586038278 32.70087907530228, -96.79285406477044 32.70090245759639, -96.79201361250261 32.70085595750231, -96.79118259955519 32.70074002294992, -96.79036903091018 32.70055577071987, -96.78958074339151 32.700304975678165, -96.78882533012614 32.69999005366716, -96.78811006736106 32.699614038218684, -96.78744184434267 32.69918055131392, -96.78682709693602 32.698693768473255, -96.78627174562423 32.698158378512545, -96.78578113848596 32.69757953835562, -96.78535999970052 32.6969628233383, -96.78501238407581 32.69631417348471, -96.78474163803644 32.69563983627381, -96.78455036744579 32.694946306448706, -96.78444041257056 32.69424026344927, -96.78441283042618 32.69352850707119))",POINT (-96.7929935186091 32.693646721181096)
VICTORY STATION,864,584,-280,743,743,0,"POLYGON ((-96.80393053606144 32.7894958715224, -96.80398549532167 32.78878525206171, -96.80412264932616 32.78808260443557, -96.80434067532728 32.78739469525708, -96.80463747189631 32.786728149051676, -96.80501017922738 32.786089384475176, -96.8054552067364 32.78548455251971, -96.8059682676867 32.78491947730174, -96.80654442050643 32.784399600001194, -96.80717811639829 32.78392992649087, -96.80786325278258 32.783514979158994, -96.80859323205836 32.7831587533879, -96.80936102511751 32.782864679106424, -96.81015923900078 32.782635587785684, -96.81098018804583 32.78247368519431, -96.81181596784377 32.78238053017521, -96.81265853129469 32.78235701964722, -96.81349976603201 32.78240337997536, -96.81433157247282 32.78251916479319, -96.81514594174588 32.782703259297165, -96.81593503274902 32.78295389097256, -96.81669124759736 32.78326864664779, -96.81740730473759 32.783644495713524, -96.81807630902695 32.78407781928376, -96.81869181810347 32.78456444501884, -96.81924790440954 32.78509968727679, -96.81973921227248 32.78567839220647, -96.82016100949255 32.7862949873504, -96.82050923294103 32.786943535280344, -96.8207805277284 32.78761779075023, -96.820972279564 32.78831126081735, -96.82108263999358 32.789017267353465, -96.82111054426917 32.789729011344704, -96.82105572167694 32.79043963836147, -96.82091869822044 32.79114230456835, -96.8207007916304 32.791830242638156, -96.82040409874665 32.7924968269352, -96.82003147539045 32.793135637339766, -96.81958650891885 32.793740521098634, -96.81907348372282 32.794305652104576, -96.81849734000025 32.79482558703372, -96.81786362619879 32.79529531779864, -96.81717844558644 32.79571031981089, -96.81644839746374 32.796066595586765, -96.81568051358462 32.796360713275746, -96.81488219039846 32.796589839738644, -96.81406111776809 32.79675176785632, -96.81322520485166 32.79684493780488, -96.81238250386477 32.79686845209182, -96.81154113245945 32.79682208420756, -96.81070919547064 32.796706280809, -96.8098947067865 32.796522157413705, -96.80910551209809 32.7962714876467, -96.8083492132749 32.79595668614338, -96.80763309509726 32.79558078527424, -96.8069640550536 32.79514740591605, -96.80634853687991 32.79466072255237, -96.80579246848347 32.79412542303981, -96.8053012048486 32.79354666342975, -96.8048794764754 32.792930018281076, -96.8045313438469 32.7922814269436, -96.80426015836241 32.791607136331564, -96.80406853011213 32.79091364073815, -96.80395830280105 32.790207619272536, -96.80393053606144 32.7894958715224))",POINT (-96.8125205288721 32.789612738071376)
WALNUT HILL STATION,1796,1903,107,1340,1340,0,"POLYGON ((-96.75633956945082 32.88253560292952, -96.75639496825264 32.88182501099486, -96.75653264383953 32.88112242229218, -96.75675126843736 32.880434602866885, -96.75704873484985 32.879768176379955, -96.7574221768183 32.87912956033447, -96.75786799668248 32.878524904292725, -96.75838190007474 32.87796003067777, -96.75895893731065 32.877440378728956, -96.75959355107707 32.876970952150074, -96.76027962995698 32.876556270952555, -96.76101056727573 32.87620032795713, -96.76177932470237 32.87590655037079, -96.76257849999439 32.875677766808764, -96.76340039823491 32.875516180077156, -96.76423710587832 32.87542334597817, -96.76508056689357 32.87540015834104, -96.76592266027428 32.875446840422065, -96.7667552781723 32.875562942756694, -96.76757040390488 32.87574734748383, -96.76836018908752 32.87599827910117, -96.76911702915191 32.87631332154832, -96.76983363652472 32.87668944145359, -96.7705031107644 32.877123017321885, -96.77111900498238 32.87760987438282, -96.77167538791043 32.878145324765406, -96.7721669010169 32.878724212612845, -96.77258881012244 32.87934096370461, -96.77293705101714 32.87998963910919, -96.77320826863937 32.8806639923514, -96.77339984943721 32.8813575295456, -96.77350994659903 32.88206357191588, -96.77353749790784 32.88277532010215, -96.77348223604477 32.88348591963363, -96.77334469123984 32.88418852693905, -96.77312618624134 32.88487637525804, -96.77282882364938 32.88554283981934, -96.77245546573295 32.886181501656594, -96.77200970692212 32.88678620944781, -96.77149583923837 32.88735113878126, -96.77091881099383 32.88787084827629, -96.7702841791561 32.88834033201775, -96.76959805583672 32.88875506779738, -96.76886704941809 32.88911106069697, -96.7680982008866 32.88940488159164, -96.76729891598595 32.88963370020189, -96.76647689384515 32.889795312374794, -96.76564005277123 32.88988816133038, -96.76479645392294 32.88991135266855, -96.76395422360348 32.88986466299069, -96.7631214749235 32.88974854205332, -96.76230622959156 32.88956410843248, -96.76151634058837 32.88931313874082, -96.760759416472 32.8889980505019, -96.7600427480458 32.888621878847104, -96.75937323809764 32.88818824726033, -96.7587573348883 32.887701332653144, -96.75820097003154 32.88716582510803, -96.75770950136453 32.88658688267847, -96.75728766135889 32.88597008168257, -96.75693951156902 32.885321362969655, -96.75666840355544 32.884646974679164, -96.75647694665788 32.883953412043674, -96.75636698292655 32.8832473548168, -96.75633956945082 32.88253560292952))",POINT (-96.76493852204331 32.882655758458085)
WALNUT HILL/DENTON STATION,2606,2959,353,630,630,0,"POLYGON ((-96.87521949530296 32.88201380776969, -96.87527394000787 32.88130316299014, -96.87541067171692 32.88060044288186, -96.87562837174463 32.87991241475749, -96.87592494179658 32.87924570428956, -96.87629752424355 32.878606731717454, -96.8767425296995 32.87800165003811, -96.87725567163584 32.87743628577456, -96.87783200769711 32.876916082891846, -96.87846598731836 32.87644605039962, -96.87915150518523 32.87603071414441, -96.87988196002175 32.87567407325486, -96.88065031813954 32.87537956165814, -96.88144918113828 32.875150015037136, -96.88227085710588 32.87498764354511, -96.88310743463533 32.874894010540295, -96.88395085894749 32.874870017543955, -96.88479300938906 32.87491589556665, -96.88562577756296 32.87503120288539, -96.88644114534064 32.87521482929379, -96.88723126200877 32.87546500678357, -96.88798851980961 32.87577932655554, -96.88870562715037 32.87615476219667, -96.8893756787785 32.876587698800854, -96.88999222224929 32.87707396775372, -96.89054932004628 32.87760888684794, -96.89104160675772 32.878187305343566, -96.8914643407583 32.87880365354081, -96.89181344989784 32.87945199638917, -96.89208557075642 32.88012609061749, -96.89227808108625 32.880819444835986, -96.8923891251258 32.881525382032585, -96.89241763154031 32.88223710386196, -96.89236332381306 32.88294775610902, -96.89222672298469 32.883650494696596, -96.89200914271102 32.88433855160192, -96.8917126766843 32.885005300046444, -96.89134017853621 32.88564431833129, -96.89089523441324 32.886249451702874, -96.89038212848689 32.886814871651666, -96.88980580172887 32.88733513207259, -96.88917180434657 32.8878052217449, -96.8884862423369 32.88822061262469, -96.88775571867224 32.888577303484105, -96.88698726968595 32.888871858475596, -96.88618829727042 32.88910144024873, -96.88536649754253 32.88926383729933, -96.88452978666535 32.88935748528697, -96.88368622454253 32.889381482114565, -96.88284393712327 32.88933559662439, -96.8820110380687 32.88922027082633, -96.88119555053699 32.88903661563699, -96.88040532984361 32.88878640017065, -96.87964798774387 32.88847203468592, -96.87893081907018 32.88809654735253, -96.87826073143201 32.88766355506313, -96.87764417865799 32.88717722857202, -96.87708709862206 32.886642252297726, -96.8765948560534 32.88606377917752, -96.87617219088096 32.885447381010415, -96.87582317260991 32.88479899476724, -96.87555116116813 32.88412486538682, -96.8753587745986 32.88343148560974, -96.87524786390676 32.88272553343035, -96.87521949530296 32.88201380776969))",POINT (-96.883818552583 32.882125752767365)
WEST END STATION,2765,3035,270,2151,2287,136,"POLYGON ((-96.79686138508994 32.78080338287926, -96.79691639561355 32.780092766074894, -96.79705359218772 32.77939012578034, -96.7972716516553 32.77870222853802, -96.79756847226571 32.77803569875826, -96.79794119398206 32.77739695493852, -96.79838622608213 32.77679214787084, -96.79889928178548 32.77622710143187, -96.79947541957115 32.77570725652426, -96.8001090907869 32.77523761870868, -96.80079419309092 32.77482271002953, -96.80152412921058 32.774466525496834, -96.80229187045342 32.774172494642215, -96.80309002435915 32.77394344851855, -96.80391090584288 32.773781592459216, -96.8047466111462 32.773688484859065, -96.80558909388628 32.77366502218027, -96.80643024247345 32.77371143032725, -96.80726195815413 32.77382726247307, -96.80807623293057 32.77401140335859, -96.80886522661025 32.77426208002255, -96.80962134224511 32.774576878860266, -96.81033729923686 32.77495276884688, -96.81100620340685 32.77538613070238, -96.81162161335689 32.77587279171868, -96.81217760248374 32.776408065914055, -96.8126688160504 32.77698679912993, -96.81309052276514 32.77760341863648, -96.8134386603708 32.778251986770854, -96.81370987480464 32.778926258092454, -96.81390155255002 32.77961973950591, -96.81401184586637 32.7803257527736, -96.81403969065244 32.78103749881677, -96.81398481676764 32.78174812318597, -96.81384775070994 32.78245078207115, -96.8136298106208 32.783138708215496, -96.81333309366312 32.78380527609802, -96.8129604558905 32.784444065756944, -96.8125154847992 32.78504892463863, -96.81200246482521 32.7856140268753, -96.81142633611641 32.78613392942003, -96.81079264697615 32.78660362449713, -96.81010750043518 32.78701858786172, -96.80937749546605 32.78737482240229, -96.80860966340707 32.78766889666534, -96.80781140020858 32.78789797792987, -96.80699039515548 32.78805985951207, -96.80615455675496 32.78815298203629, -96.80531193650461 32.78817644846678, -96.80447065127859 32.788130032754964, -96.80363880508148 32.788014182018486, -96.8028244109266 32.78783001223091, -96.80203531359417 32.787579297464234, -96.80127911401561 32.78726445278737, -96.80056309601504 32.78688851098672, -96.7998941561157 32.786455093333494, -96.79927873708881 32.785968374680095, -96.79872276588645 32.78543304322315, -96.79823159655678 32.784854255321854, -96.79780995869152 32.78423758580749, -96.79746191190198 32.783588974264674, -96.79719080676091 32.78291466780219, -96.7969992525849 32.78222116086585, -96.79688909236575 32.78151513267411, -96.79686138508994 32.78080338287926))",POINT (-96.8054505265329 32.78092073745632)
WESTMORELAND STATION,2364,2318,-46,518,518,0,"POLYGON ((-96.86315122719945 32.719650947412305, -96.86320566800866 32.71894029864167, -96.86334224423793 32.71823758260035, -96.86355963870892 32.7175495665617, -96.86385575607908 32.716882876081215, -96.86422774308674 32.7162439312048, -96.86467201608686 32.71563888466137, -96.86518429560975 32.715073562633776, -96.86575964760863 32.714553408678476, -96.86639253099666 32.714083431331744, -96.86707685101601 32.713668155906845, -96.86780601792371 32.713311580944335, -96.86857301043024 32.713017139734376, -96.86937044328036 32.71278766727996, -96.87019063832733 32.71262537301836, -96.87102569841723 32.71253181956255, -96.87186758337485 32.712507907666634, -96.87270818736164 32.71255386755931, -96.87353941686345 32.71266925672902, -96.87435326856014 32.71285296418119, -96.87514190632997 32.71310322112761, -96.87589773664979 32.71341761800492, -96.8766134816676 32.71379312765886, -96.87728224924587 32.71422613447227, -96.8778975993028 32.714712469156495, -96.87845360581403 32.715247448873356, -96.87894491387844 32.715825922301214, -96.87936679129835 32.71644231921357, -96.8797151741777 32.717090704092854, -96.87998670609721 32.71776483326511, -96.88017877048874 32.71845821500583, -96.88028951589439 32.7191641720393, -96.88031787386514 32.71987590583029, -96.88026356932407 32.72058656204919, -96.88012712329133 32.721289296580885, -96.87990984794186 32.721977341441466, -96.87961383404047 32.72264406996782, -96.87924193087252 32.72328306065194, -96.87879771886122 32.72388815900459, -96.8782854751324 32.72445353685188, -96.87771013235741 32.724973748492225, -96.8770772312685 32.725443783172565, -96.87639286730382 32.72585911337635, -96.87566363189508 32.72621573845789, -96.8748965489643 32.72651022320097, -96.87409900724164 32.726739730929665, -96.87327868905777 32.72690205085111, -96.8724434962987 32.72699561936626, -96.87160147423802 32.72701953514228, -96.87076073398308 32.726973567801295, -96.86992937428472 32.72685816014121, -96.86911540346651 32.72667442386712, -96.86832666222793 32.72642412887485, -96.86757074806837 32.72610968618983, -96.86685494206175 32.725734124726664, -96.8661861386894 32.72530106209357, -96.86557077940861 32.72481466972428, -96.86501479059824 32.72427963267382, -96.86452352647919 32.72370110446708, -96.86410171756029 32.723084657435685, -96.86375342510523 32.722436229023266, -96.86348200205822 32.72176206457676, -96.86329006080359 32.721068657176204, -96.86317944806713 32.720362685083366, -96.86315122719945 32.719650947412305))",POINT (-96.8717345396692 32.71976372303652)
WHITE ROCK STATION,2273,2266,-7,1084,1084,0,"POLYGON ((-96.72414320535653 32.855674389116196, -96.72419884538823 32.854963809467804, -96.72433673440993 32.85426125421742, -96.72455554259572 32.85357348908843, -96.72485316098492 32.85290713721898, -96.72522672185859 32.85226861539349, -96.72567262641454 32.85166407226673, -96.72618657947203 32.8510993291741, -96.72676363087047 32.85057982409771, -96.72739822316176 32.850110559326495, -96.72808424513642 32.849696053313245, -96.72881509066788 32.849340297191155, -96.72958372230848 32.84904671636707, -96.73038273902564 32.848818137560826, -96.73120444742767 32.84865676160622, -96.73204093579463 32.84856414227515, -96.73288415020413 32.84854117132818, -96.73372597202135 32.848588069934486, -96.73455829600981 32.848704386544085, -96.73537310831361 32.84888900123209, -96.73616256356307 32.84914013647413, -96.73691906036395 32.84945537424885, -96.73763531444558 32.849831679303605, -96.73830442876617 32.850265428360345, -96.73891995990134 32.85075244498111, -96.73947598007804 32.8512880397586, -96.73996713425743 32.85186705544575, -96.74038869171675 32.852483916591375, -96.74073659163334 32.85313268320444, -96.74100748223074 32.85380710793189, -96.74119875310853 32.854500696200056, -96.74130856044233 32.85520676874145, -96.74133584480944 32.855918525905906, -96.74128034146516 32.85662911313637, -96.74114258296875 32.85733168698025, -96.74092389413013 32.85801948099963, -96.74062637932357 32.85868587094616, -96.74025290228731 32.85932443857207, -96.7398070586018 32.85992903346253, -96.73929314110849 32.860493832292924, -96.7387160986013 32.86101339493914, -96.73808148818662 32.86148271689986, -96.73739542177043 32.86189727752452, -96.73666450718714 32.86225308358133, -96.73589578453806 32.862546707744364, -96.73509665835313 32.86277532162834, -96.73427482623086 32.862936723051504, -96.73343820464568 32.86302935726311, -96.7325948526395 32.863052331930824, -96.73175289413487 32.86300542574242, -96.7309204396211 32.862889090539355, -96.73010550797011 32.86270444696094, -96.72931594913803 32.86245327364182, -96.72855936849975 32.86213799006669, -96.7278430535477 32.8617616332482, -96.7271739036629 32.86132782845374, -96.7265583636365 32.860840754263144, -96.72600236158316 32.860305102296145, -96.7255112518453 32.859726031997546, -96.72508976343781 32.859109120917246, -96.72474195452972 32.858460310965214, -96.72447117340009 32.857785851159996, -96.72428002624252 32.85709223742334, -96.72417035212693 32.85638615000138, -96.72414320535653 32.855674389116196))",POINT (-96.7327395132519 32.855796754365585)
ZOO STATION,1653,1381,-272,482,482,0,"POLYGON ((-96.80431826027049 32.740659890301934, -96.80437318451396 32.7399492683491, -96.8045102583257 32.73924661799476, -96.80472815973525 32.73855870587883, -96.80502478851824 32.73789215655538, -96.80539728648856 32.7372533887104, -96.80584206508149 32.73664855336739, -96.80635483995985 32.73608347467524, -96.80693067230814 32.73556359384687, -96.80756401641567 32.73509391678848, -96.80824877308994 32.734678965921745, -96.80897834838517 32.73432273666214, -96.8097457170812 32.73402865897122, -96.81054349030222 32.73379956435189, -96.81136398662555 32.733637658603534, -96.81219930599768 32.73354450059861, -96.81304140574787 32.733520987283676, -96.81388217797004 32.733567345049934, -96.81471352753049 32.73368312755487, -96.81552744995305 32.733867220016705, -96.81631610843453 32.73411784994006, -96.8170719092516 32.73443260417011, -96.81778757483515 32.734808452111466, -96.81845621381112 32.73524177488918, -96.81907138733429 32.73572840017171, -96.81962717107832 32.736263642322015, -96.82011821228508 32.736842347490736, -96.82053978132453 32.73745894321892, -96.82088781726802 32.73810749207364, -96.82115896703526 32.73878174880099, -96.8213506177363 32.73947522044707, -96.82146092189548 32.740181228869396, -96.82148881531175 32.74089297503682, -96.82143402738103 32.74160360449963, -96.82129708377815 32.7423062733995, -96.82107930146971 32.74299421438378, -96.82078277610307 32.743660801789076, -96.82041036189015 32.744299615465934, -96.81996564417689 32.74490450262946, -96.81945290496091 32.74546963713945, -96.81887708168726 32.74598957563784, -96.81824371971781 32.74645931000228, -96.81755891893155 32.74687431560883, -96.81682927496945 32.7472305949384, -96.81606181569049 32.74752471610525, -96.81526393345155 32.74775384593572, -96.81444331386477 32.74791577727726, -96.81360786172063 32.748008950274006, -96.81276562479223 32.74803246740312, -96.81192471625732 32.747986102126895, -96.81109323648802 32.74787030107645, -96.81027919496435 32.74768617974624, -96.8094904330665 32.74743551174107, -96.80873454849205 32.747120711679166, -96.80801882202881 32.74674481191727, -96.80735014739047 32.74631143332172, -96.80673496479268 32.74582475036913, -96.80617919891054 32.745289450912786, -96.80568820181578 32.74471069100425, -96.8052667014432 32.744094045206126, -96.80491875608263 32.74344545287545, -96.80464771533333 32.742771160936975, -96.80445618789572 32.74207766369768, -96.80434601650857 32.74137164028357, -96.80431826027049 32.740659890301934))",POINT (-96.8129035265305 32.7407767291492)
